csv_path,reynolds,angle,mean_last10pct_C_L
naca0012/re1000000/re1000000_alpha+000.00.csv,1000000,+000.00,0.00000000e+00
naca0012/re1000000/re1000000_alpha+000.25.csv,1000000,+000.25,2.71628268e-02
naca0012/re1000000/re1000000_alpha-000.25.csv,1000000,-000.25,-2.61194819e-02
naca0012/re1000000/re1000000_alpha+000.50.csv,1000000,+000.50,5.31273753e-02
naca0012/re1000000/re1000000_alpha-000.50.csv,1000000,-000.50,-5.20935830e-02
naca0012/re1000000/re1000000_alpha+000.75.csv,1000000,+000.75,8.07544901e-02
naca0012/re1000000/re1000000_alpha-000.75.csv,1000000,-000.75,-7.90959638e-02
naca0012/re1000000/re1000000_alpha+001.00.csv,1000000,+001.00,1.03336905e-01
naca0012/re1000000/re1000000_alpha-001.00.csv,1000000,-001.00,-1.06303636e-01
naca0012/re1000000/re1000000_alpha+001.25.csv,1000000,+001.25,1.30257274e-01
naca0012/re1000000/re1000000_alpha-001.25.csv,1000000,-001.25,-1.30829521e-01
naca0012/re1000000/re1000000_alpha+001.50.csv,1000000,+001.50,1.56693115e-01
naca0012/re1000000/re1000000_alpha-001.50.csv,1000000,-001.50,-1.57402337e-01
naca0012/re1000000/re1000000_alpha+001.75.csv,1000000,+001.75,1.89004442e-01
naca0012/re1000000/re1000000_alpha-001.75.csv,1000000,-001.75,-1.88292876e-01
naca0012/re1000000/re1000000_alpha+002.00.csv,1000000,+002.00,2.14508782e-01
naca0012/re1000000/re1000000_alpha-002.00.csv,1000000,-002.00,-2.06588075e-01
naca0012/re1000000/re1000000_alpha+002.25.csv,1000000,+002.25,2.32523859e-01
naca0012/re1000000/re1000000_alpha-002.25.csv,1000000,-002.25,-2.34358800e-01
naca0012/re1000000/re1000000_alpha+002.50.csv,1000000,+002.50,2.60101649e-01
naca0012/re1000000/re1000000_alpha-002.50.csv,1000000,-002.50,-2.68431001e-01
naca0012/re1000000/re1000000_alpha+002.75.csv,1000000,+002.75,2.94725086e-01
naca0012/re1000000/re1000000_alpha-002.75.csv,1000000,-002.75,-2.87497951e-01
naca0012/re1000000/re1000000_alpha+003.00.csv,1000000,+003.00,3.13591064e-01
naca0012/re1000000/re1000000_alpha-003.00.csv,1000000,-003.00,-3.13327000e-01
naca0012/re1000000/re1000000_alpha+003.25.csv,1000000,+003.25,3.32589503e-01
naca0012/re1000000/re1000000_alpha-003.25.csv,1000000,-003.25,-3.40215211e-01
naca0012/re1000000/re1000000_alpha+003.50.csv,1000000,+003.50,3.61268626e-01
naca0012/re1000000/re1000000_alpha-003.50.csv,1000000,-003.50,-3.62529316e-01
naca0012/re1000000/re1000000_alpha+003.75.csv,1000000,+003.75,3.86353244e-01
naca0012/re1000000/re1000000_alpha-003.75.csv,1000000,-003.75,-3.88225400e-01
naca0012/re1000000/re1000000_alpha+004.00.csv,1000000,+004.00,4.16222284e-01
naca0012/re1000000/re1000000_alpha-004.00.csv,1000000,-004.00,-4.27223049e-01
naca0012/re1000000/re1000000_alpha+004.25.csv,1000000,+004.25,4.49986308e-01
naca0012/re1000000/re1000000_alpha-004.25.csv,1000000,-004.25,-4.57460724e-01
naca0012/re1000000/re1000000_alpha+004.50.csv,1000000,+004.50,4.79247635e-01
naca0012/re1000000/re1000000_alpha-004.50.csv,1000000,-004.50,-4.90515718e-01
naca0012/re1000000/re1000000_alpha+004.75.csv,1000000,+004.75,5.01453566e-01
naca0012/re1000000/re1000000_alpha-004.75.csv,1000000,-004.75,-5.02345851e-01
naca0012/re1000000/re1000000_alpha+005.00.csv,1000000,+005.00,5.50384104e-01
naca0012/re1000000/re1000000_alpha-005.00.csv,1000000,-005.00,-5.51475581e-01
naca0012/re1000000/re1000000_alpha+005.50.csv,1000000,+005.50,6.15605323e-01
naca0012/re1000000/re1000000_alpha-005.50.csv,1000000,-005.50,-6.18310842e-01
naca0012/re1000000/re1000000_alpha+005.75.csv,1000000,+005.75,6.46146481e-01
naca0012/re1000000/re1000000_alpha-005.75.csv,1000000,-005.75,-6.50189418e-01
naca0012/re1000000/re1000000_alpha+006.00.csv,1000000,+006.00,6.91563656e-01
naca0012/re1000000/re1000000_alpha-006.00.csv,1000000,-006.00,-6.66517280e-01
naca0012/re1000000/re1000000_alpha+006.25.csv,1000000,+006.25,7.18396620e-01
naca0012/re1000000/re1000000_alpha-006.25.csv,1000000,-006.25,-7.21076719e-01
naca0012/re1000000/re1000000_alpha+006.50.csv,1000000,+006.50,7.62673607e-01
naca0012/re1000000/re1000000_alpha-006.50.csv,1000000,-006.50,-7.35700905e-01
naca0012/re1000000/re1000000_alpha+006.75.csv,1000000,+006.75,7.82007738e-01
naca0012/re1000000/re1000000_alpha-006.75.csv,1000000,-006.75,-7.72184370e-01
naca0012/re1000000/re1000000_alpha+007.00.csv,1000000,+007.00,8.02191060e-01
naca0012/re1000000/re1000000_alpha-007.00.csv,1000000,-007.00,-8.15219104e-01
naca0012/re1000000/re1000000_alpha+007.25.csv,1000000,+007.25,8.34488843e-01
naca0012/re1000000/re1000000_alpha-007.25.csv,1000000,-007.25,-8.17932911e-01
naca0012/re1000000/re1000000_alpha+007.50.csv,1000000,+007.50,8.50799544e-01
naca0012/re1000000/re1000000_alpha-007.50.csv,1000000,-007.50,-8.48046595e-01
naca0012/re1000000/re1000000_alpha+007.75.csv,1000000,+007.75,8.86848455e-01
naca0012/re1000000/re1000000_alpha-007.75.csv,1000000,-007.75,-8.80586011e-01
naca0012/re1000000/re1000000_alpha+008.00.csv,1000000,+008.00,8.86961399e-01
naca0012/re1000000/re1000000_alpha-008.00.csv,1000000,-008.00,-9.18597308e-01
naca0012/re1000000/re1000000_alpha+008.25.csv,1000000,+008.25,9.40327262e-01
naca0012/re1000000/re1000000_alpha-008.25.csv,1000000,-008.25,-9.23768619e-01
naca0012/re1000000/re1000000_alpha+008.50.csv,1000000,+008.50,9.24616708e-01
naca0012/re1000000/re1000000_alpha-008.50.csv,1000000,-008.50,-9.57788426e-01
naca0012/re1000000/re1000000_alpha+008.75.csv,1000000,+008.75,9.66123035e-01
naca0012/re1000000/re1000000_alpha-008.75.csv,1000000,-008.75,-9.42235207e-01
naca0012/re1000000/re1000000_alpha+009.00.csv,1000000,+009.00,9.78638808e-01
naca0012/re1000000/re1000000_alpha-009.00.csv,1000000,-009.00,-9.72045843e-01
naca0012/re1000000/re1000000_alpha+009.25.csv,1000000,+009.25,9.91994692e-01
naca0012/re1000000/re1000000_alpha-009.25.csv,1000000,-009.25,-1.01042480e+00
naca0012/re1000000/re1000000_alpha+009.50.csv,1000000,+009.50,1.01740429e+00
naca0012/re1000000/re1000000_alpha-009.50.csv,1000000,-009.50,-1.04359839e+00
naca0012/re1000000/re1000000_alpha+009.75.csv,1000000,+009.75,1.02357864e+00
naca0012/re1000000/re1000000_alpha-009.75.csv,1000000,-009.75,-1.01724657e+00
naca0012/re1000000/re1000000_alpha+010.00.csv,1000000,+010.00,1.04031110e+00
naca0012/re1000000/re1000000_alpha-010.00.csv,1000000,-010.00,-1.08562036e+00
naca0012/re1000000/re1000000_alpha+010.25.csv,1000000,+010.25,1.08555118e+00
naca0012/re1000000/re1000000_alpha-010.25.csv,1000000,-010.25,-1.06092605e+00
naca0012/re1000000/re1000000_alpha+010.50.csv,1000000,+010.50,1.10438383e+00
naca0012/re1000000/re1000000_alpha-010.50.csv,1000000,-010.50,-1.12135832e+00
naca0012/re1000000/re1000000_alpha+010.75.csv,1000000,+010.75,1.12626143e+00
naca0012/re1000000/re1000000_alpha-010.75.csv,1000000,-010.75,-1.10891269e+00
naca0012/re1000000/re1000000_alpha+011.00.csv,1000000,+011.00,1.13284778e+00
naca0012/re1000000/re1000000_alpha-011.00.csv,1000000,-011.00,-1.17314464e+00
naca0012/re1000000/re1000000_alpha+011.25.csv,1000000,+011.25,1.14887852e+00
naca0012/re1000000/re1000000_alpha-011.25.csv,1000000,-011.25,-1.15700722e+00
naca0012/re1000000/re1000000_alpha+011.50.csv,1000000,+011.50,1.18995058e+00
naca0012/re1000000/re1000000_alpha-011.50.csv,1000000,-011.50,-1.19335351e+00
naca0012/re1000000/re1000000_alpha+011.75.csv,1000000,+011.75,1.20683999e+00
naca0012/re1000000/re1000000_alpha-011.75.csv,1000000,-011.75,-1.19974257e+00
naca0012/re1000000/re1000000_alpha+012.00.csv,1000000,+012.00,1.21050441e+00
naca0012/re1000000/re1000000_alpha-012.00.csv,1000000,-012.00,-1.23734684e+00
naca0012/re1000000/re1000000_alpha+012.25.csv,1000000,+012.25,1.23853270e+00
naca0012/re1000000/re1000000_alpha-012.25.csv,1000000,-012.25,-1.22368294e+00
naca0012/re1000000/re1000000_alpha+012.50.csv,1000000,+012.50,1.28626452e+00
naca0012/re1000000/re1000000_alpha-012.50.csv,1000000,-012.50,-1.24523762e+00
naca0012/re1000000/re1000000_alpha+012.75.csv,1000000,+012.75,1.26509536e+00
naca0012/re1000000/re1000000_alpha-012.75.csv,1000000,-012.75,-1.28678321e+00
naca0012/re1000000/re1000000_alpha+013.00.csv,1000000,+013.00,1.29935114e+00
naca0012/re1000000/re1000000_alpha-013.00.csv,1000000,-013.00,-1.30957766e+00
naca0012/re1000000/re1000000_alpha+013.25.csv,1000000,+013.25,1.32798920e+00
naca0012/re1000000/re1000000_alpha-013.25.csv,1000000,-013.25,-1.30044947e+00
naca0012/re1000000/re1000000_alpha+013.50.csv,1000000,+013.50,1.34161262e+00
naca0012/re1000000/re1000000_alpha-013.50.csv,1000000,-013.50,-1.30829161e+00
naca0012/re1000000/re1000000_alpha+013.75.csv,1000000,+013.75,1.29979292e+00
naca0012/re1000000/re1000000_alpha-013.75.csv,1000000,-013.75,-1.30059507e+00
naca0012/re1000000/re1000000_alpha+014.00.csv,1000000,+014.00,1.36421162e+00
naca0012/re1000000/re1000000_alpha-014.00.csv,1000000,-014.00,-1.34857334e+00
naca0012/re1000000/re1000000_alpha+014.25.csv,1000000,+014.25,1.34343308e+00
naca0012/re1000000/re1000000_alpha-014.25.csv,1000000,-014.25,-1.33850310e+00
naca0012/re1000000/re1000000_alpha+014.50.csv,1000000,+014.50,1.33389801e+00
naca0012/re1000000/re1000000_alpha-014.50.csv,1000000,-014.50,-1.33341091e+00
naca0012/re1000000/re1000000_alpha+014.75.csv,1000000,+014.75,1.36990388e+00
naca0012/re1000000/re1000000_alpha-014.75.csv,1000000,-014.75,-1.38052909e+00
naca0012/re1000000/re1000000_alpha+015.00.csv,1000000,+015.00,1.36276115e+00
naca0012/re1000000/re1000000_alpha-015.00.csv,1000000,-015.00,-1.35548309e+00
naca0012/re1000000/re1000000_alpha+015.25.csv,1000000,+015.25,1.38651182e+00
naca0012/re1000000/re1000000_alpha-015.25.csv,1000000,-015.25,-1.39116246e+00
naca0012/re1000000/re1000000_alpha+015.50.csv,1000000,+015.50,1.39029094e+00
naca0012/re1000000/re1000000_alpha-015.50.csv,1000000,-015.50,-1.35624543e+00
naca0012/re1000000/re1000000_alpha+015.75.csv,1000000,+015.75,1.38767991e+00
naca0012/re1000000/re1000000_alpha-015.75.csv,1000000,-015.75,-1.36159325e+00
naca0012/re1000000/re1000000_alpha+016.00.csv,1000000,+016.00,1.35417972e+00
naca0012/re1000000/re1000000_alpha-016.00.csv,1000000,-016.00,-1.37425498e+00
naca0012/re1000000/re1000000_alpha+016.25.csv,1000000,+016.25,1.34341676e+00
naca0012/re1000000/re1000000_alpha-016.25.csv,1000000,-016.25,-1.34364468e+00
naca0012/re1000000/re1000000_alpha+016.50.csv,1000000,+016.50,1.33822704e+00
naca0012/re1000000/re1000000_alpha-016.50.csv,1000000,-016.50,-1.33476305e+00
naca0012/re1000000/re1000000_alpha+016.75.csv,1000000,+016.75,1.35460053e+00
naca0012/re1000000/re1000000_alpha-016.75.csv,1000000,-016.75,-1.30460651e+00
naca0012/re1000000/re1000000_alpha+017.00.csv,1000000,+017.00,1.32867324e+00
naca0012/re1000000/re1000000_alpha-017.00.csv,1000000,-017.00,-1.33854604e+00
naca0012/re1000000/re1000000_alpha+017.25.csv,1000000,+017.25,1.30452383e+00
naca0012/re1000000/re1000000_alpha-017.25.csv,1000000,-017.25,-1.31773042e+00
naca0012/re1000000/re1000000_alpha+017.50.csv,1000000,+017.50,1.26793085e+00
naca0012/re1000000/re1000000_alpha-017.50.csv,1000000,-017.50,-1.27065953e+00
naca0012/re1000000/re1000000_alpha+017.75.csv,1000000,+017.75,1.28206412e+00
naca0012/re1000000/re1000000_alpha-017.75.csv,1000000,-017.75,-1.23526717e+00
naca0012/re1000000/re1000000_alpha+018.00.csv,1000000,+018.00,1.22195614e+00
naca0012/re1000000/re1000000_alpha-018.00.csv,1000000,-018.00,-1.26297365e+00
naca0012/re1000000/re1000000_alpha+018.25.csv,1000000,+018.25,1.20725086e+00
naca0012/re1000000/re1000000_alpha-018.25.csv,1000000,-018.25,-1.19659213e+00
naca0012/re1000000/re1000000_alpha+018.50.csv,1000000,+018.50,1.23757992e+00
naca0012/re1000000/re1000000_alpha-018.50.csv,1000000,-018.50,-1.19123447e+00
naca0012/re100000/re100000_alpha+000.00.csv,100000,+000.00,0.00000000e+00
naca0012/re100000/re100000_alpha+000.25.csv,100000,+000.25,6.57094719e-02
naca0012/re100000/re100000_alpha-000.25.csv,100000,-000.25,-6.45517700e-02
naca0012/re100000/re100000_alpha+000.50.csv,100000,+000.50,1.31976069e-01
naca0012/re100000/re100000_alpha-000.50.csv,100000,-000.50,-1.29154124e-01
naca0012/re100000/re100000_alpha+000.75.csv,100000,+000.75,1.98749136e-01
naca0012/re100000/re100000_alpha-000.75.csv,100000,-000.75,-2.04500174e-01
naca0012/re100000/re100000_alpha+001.00.csv,100000,+001.00,2.49910540e-01
naca0012/re100000/re100000_alpha-001.00.csv,100000,-001.00,-2.56934666e-01
naca0012/re100000/re100000_alpha+001.25.csv,100000,+001.25,2.93601372e-01
naca0012/re100000/re100000_alpha-001.25.csv,100000,-001.25,-2.94510601e-01
naca0012/re100000/re100000_alpha+001.50.csv,100000,+001.50,3.27999499e-01
naca0012/re100000/re100000_alpha-001.50.csv,100000,-001.50,-3.20607620e-01
naca0012/re100000/re100000_alpha+001.75.csv,100000,+001.75,3.56789748e-01
naca0012/re100000/re100000_alpha-001.75.csv,100000,-001.75,-3.43928712e-01
naca0012/re100000/re100000_alpha+002.00.csv,100000,+002.00,3.62130252e-01
naca0012/re100000/re100000_alpha-002.00.csv,100000,-002.00,-3.60683205e-01
naca0012/re100000/re100000_alpha+002.25.csv,100000,+002.25,3.95026823e-01
naca0012/re100000/re100000_alpha-002.25.csv,100000,-002.25,-3.89673103e-01
naca0012/re100000/re100000_alpha+002.50.csv,100000,+002.50,4.14369068e-01
naca0012/re100000/re100000_alpha-002.50.csv,100000,-002.50,-4.11277290e-01
naca0012/re100000/re100000_alpha+002.75.csv,100000,+002.75,4.37061382e-01
naca0012/re100000/re100000_alpha-002.75.csv,100000,-002.75,-4.37851981e-01
naca0012/re100000/re100000_alpha+003.00.csv,100000,+003.00,4.39527236e-01
naca0012/re100000/re100000_alpha-003.00.csv,100000,-003.00,-4.51611321e-01
naca0012/re100000/re100000_alpha+003.25.csv,100000,+003.25,4.65538247e-01
naca0012/re100000/re100000_alpha-003.25.csv,100000,-003.25,-4.62202595e-01
naca0012/re100000/re100000_alpha+003.50.csv,100000,+003.50,4.82030240e-01
naca0012/re100000/re100000_alpha-003.50.csv,100000,-003.50,-4.76486498e-01
naca0012/re100000/re100000_alpha+003.75.csv,100000,+003.75,5.20385920e-01
naca0012/re100000/re100000_alpha-003.75.csv,100000,-003.75,-5.01738568e-01
naca0012/re100000/re100000_alpha+004.00.csv,100000,+004.00,5.18942176e-01
naca0012/re100000/re100000_alpha-004.00.csv,100000,-004.00,-5.31143724e-01
naca0012/re100000/re100000_alpha+004.25.csv,100000,+004.25,5.53945562e-01
naca0012/re100000/re100000_alpha-004.25.csv,100000,-004.25,-5.57580685e-01
naca0012/re100000/re100000_alpha+004.50.csv,100000,+004.50,5.58873722e-01
naca0012/re100000/re100000_alpha-004.50.csv,100000,-004.50,-5.60693463e-01
naca0012/re100000/re100000_alpha+004.75.csv,100000,+004.75,5.85471641e-01
naca0012/re100000/re100000_alpha-004.75.csv,100000,-004.75,-5.94320399e-01
naca0012/re100000/re100000_alpha+005.00.csv,100000,+005.00,5.89960408e-01
naca0012/re100000/re100000_alpha-005.00.csv,100000,-005.00,-5.98865020e-01
naca0012/re100000/re100000_alpha+005.25.csv,100000,+005.25,6.31887323e-01
naca0012/re100000/re100000_alpha-005.25.csv,100000,-005.25,-6.26814005e-01
naca0012/re100000/re100000_alpha+005.50.csv,100000,+005.50,6.27882931e-01
naca0012/re100000/re100000_alpha-005.50.csv,100000,-005.50,-6.48424889e-01
naca0012/re100000/re100000_alpha+005.75.csv,100000,+005.75,6.72678401e-01
naca0012/re100000/re100000_alpha-005.75.csv,100000,-005.75,-6.46564570e-01
naca0012/re100000/re100000_alpha+006.00.csv,100000,+006.00,6.69824054e-01
naca0012/re100000/re100000_alpha-006.00.csv,100000,-006.00,-6.83965336e-01
naca0012/re100000/re100000_alpha+006.25.csv,100000,+006.25,7.07129776e-01
naca0012/re100000/re100000_alpha-006.25.csv,100000,-006.25,-6.80862132e-01
naca0012/re100000/re100000_alpha+006.50.csv,100000,+006.50,7.18560225e-01
naca0012/re100000/re100000_alpha-006.50.csv,100000,-006.50,-7.05929906e-01
naca0012/re100000/re100000_alpha+006.75.csv,100000,+006.75,7.21402563e-01
naca0012/re100000/re100000_alpha-006.75.csv,100000,-006.75,-7.24063344e-01
naca0012/re100000/re100000_alpha+007.00.csv,100000,+007.00,7.35048712e-01
naca0012/re100000/re100000_alpha-007.00.csv,100000,-007.00,-7.58649278e-01
naca0012/re100000/re100000_alpha+007.25.csv,100000,+007.25,7.83412510e-01
naca0012/re100000/re100000_alpha-007.25.csv,100000,-007.25,-7.58836406e-01
naca0012/re100000/re100000_alpha+007.50.csv,100000,+007.50,8.00002021e-01
naca0012/re100000/re100000_alpha-007.50.csv,100000,-007.50,-7.91999718e-01
naca0012/re100000/re100000_alpha+007.75.csv,100000,+007.75,8.00666364e-01
naca0012/re100000/re100000_alpha-007.75.csv,100000,-007.75,-7.95041866e-01
naca0012/re100000/re100000_alpha+008.00.csv,100000,+008.00,8.26189049e-01
naca0012/re100000/re100000_alpha-008.00.csv,100000,-008.00,-8.28846080e-01
naca0012/re100000/re100000_alpha+008.25.csv,100000,+008.25,8.33154229e-01
naca0012/re100000/re100000_alpha-008.25.csv,100000,-008.25,-8.37683699e-01
naca0012/re100000/re100000_alpha+008.50.csv,100000,+008.50,8.92974385e-01
naca0012/re100000/re100000_alpha-008.50.csv,100000,-008.50,-8.89112952e-01
naca0012/re100000/re100000_alpha+008.75.csv,100000,+008.75,8.90147667e-01
naca0012/re100000/re100000_alpha-008.75.csv,100000,-008.75,-9.04316141e-01
naca0012/re100000/re100000_alpha+009.00.csv,100000,+009.00,8.98699981e-01
naca0012/re100000/re100000_alpha-009.00.csv,100000,-009.00,-8.94370419e-01
naca0012/re100000/re100000_alpha+009.25.csv,100000,+009.25,9.21788215e-01
naca0012/re100000/re100000_alpha-009.25.csv,100000,-009.25,-9.26781731e-01
naca0012/re100000/re100000_alpha+009.50.csv,100000,+009.50,9.28783510e-01
naca0012/re100000/re100000_alpha-009.50.csv,100000,-009.50,-9.50196093e-01
naca0012/re100000/re100000_alpha+009.75.csv,100000,+009.75,9.46404373e-01
naca0012/re100000/re100000_alpha-009.75.csv,100000,-009.75,-9.32185161e-01
naca0012/re100000/re100000_alpha+010.00.csv,100000,+010.00,9.73118289e-01
naca0012/re100000/re100000_alpha-010.00.csv,100000,-010.00,-9.63717322e-01
naca0012/re100000/re100000_alpha+010.25.csv,100000,+010.25,9.56898674e-01
naca0012/re100000/re100000_alpha-010.25.csv,100000,-010.25,-9.46384006e-01
naca0012/re100000/re100000_alpha+010.50.csv,100000,+010.50,9.96187041e-01
naca0012/re100000/re100000_alpha-010.50.csv,100000,-010.50,-9.53380855e-01
naca0012/re100000/re100000_alpha+010.75.csv,100000,+010.75,9.88580106e-01
naca0012/re100000/re100000_alpha-010.75.csv,100000,-010.75,-9.68314250e-01
naca0012/re100000/re100000_alpha+011.00.csv,100000,+011.00,9.78637810e-01
naca0012/re100000/re100000_alpha-011.00.csv,100000,-011.00,-9.58313148e-01
naca0012/re100000/re100000_alpha+011.25.csv,100000,+011.25,9.60477296e-01
naca0012/re100000/re100000_alpha-011.25.csv,100000,-011.25,-9.53293832e-01
naca0012/re100000/re100000_alpha+011.50.csv,100000,+011.50,8.30905772e-01
naca0012/re100000/re100000_alpha-011.50.csv,100000,-011.50,-8.15472486e-01
naca0012/re100000/re100000_alpha+011.75.csv,100000,+011.75,7.83432890e-01
naca0012/re100000/re100000_alpha-011.75.csv,100000,-011.75,-7.82210654e-01
naca0012/re100000/re100000_alpha-012.00.csv,100000,-012.00,-7.67527615e-01
naca0012/re100000/re100000_alpha-012.25.csv,100000,-012.25,-7.78598080e-01
naca0012/re100000/re100000_alpha-012.50.csv,100000,-012.50,-5.00342098e-01
naca0012/re100000/re100000_alpha-012.75.csv,100000,-012.75,-4.94197421e-01
naca0012/re200000/re200000_alpha+000.00.csv,200000,+000.00,0.00000000e+00
naca0012/re200000/re200000_alpha+000.25.csv,200000,+000.25,3.39598031e-02
naca0012/re200000/re200000_alpha-000.25.csv,200000,-000.25,-3.45713865e-02
naca0012/re200000/re200000_alpha+000.50.csv,200000,+000.50,6.98561220e-02
naca0012/re200000/re200000_alpha-000.50.csv,200000,-000.50,-6.73218823e-02
naca0012/re200000/re200000_alpha+000.75.csv,200000,+000.75,1.05152739e-01
naca0012/re200000/re200000_alpha-000.75.csv,200000,-000.75,-1.02910947e-01
naca0012/re200000/re200000_alpha+001.00.csv,200000,+001.00,1.44447857e-01
naca0012/re200000/re200000_alpha-001.00.csv,200000,-001.00,-1.46835548e-01
naca0012/re200000/re200000_alpha+001.25.csv,200000,+001.25,1.86962431e-01
naca0012/re200000/re200000_alpha-001.25.csv,200000,-001.25,-1.80514029e-01
naca0012/re200000/re200000_alpha+001.50.csv,200000,+001.50,2.22906011e-01
naca0012/re200000/re200000_alpha-001.50.csv,200000,-001.50,-2.17775670e-01
naca0012/re200000/re200000_alpha+001.75.csv,200000,+001.75,2.67164531e-01
naca0012/re200000/re200000_alpha-001.75.csv,200000,-001.75,-2.67072258e-01
naca0012/re200000/re200000_alpha+002.00.csv,200000,+002.00,3.10449141e-01
naca0012/re200000/re200000_alpha-002.00.csv,200000,-002.00,-3.07926028e-01
naca0012/re200000/re200000_alpha+002.25.csv,200000,+002.25,3.49399831e-01
naca0012/re200000/re200000_alpha-002.25.csv,200000,-002.25,-3.39054071e-01
naca0012/re200000/re200000_alpha+002.50.csv,200000,+002.50,3.84520641e-01
naca0012/re200000/re200000_alpha-002.50.csv,200000,-002.50,-3.95320777e-01
naca0012/re200000/re200000_alpha+002.75.csv,200000,+002.75,4.25873809e-01
naca0012/re200000/re200000_alpha-002.75.csv,200000,-002.75,-4.16679007e-01
naca0012/re200000/re200000_alpha+003.00.csv,200000,+003.00,4.44802479e-01
naca0012/re200000/re200000_alpha-003.00.csv,200000,-003.00,-4.49034113e-01
naca0012/re200000/re200000_alpha+003.25.csv,200000,+003.25,4.62966001e-01
naca0012/re200000/re200000_alpha-003.25.csv,200000,-003.25,-4.59053305e-01
naca0012/re200000/re200000_alpha+003.50.csv,200000,+003.50,4.74281357e-01
naca0012/re200000/re200000_alpha-003.50.csv,200000,-003.50,-4.74310882e-01
naca0012/re200000/re200000_alpha+003.75.csv,200000,+003.75,4.95560597e-01
naca0012/re200000/re200000_alpha-003.75.csv,200000,-003.75,-5.16988213e-01
naca0012/re200000/re200000_alpha+004.00.csv,200000,+004.00,5.17137291e-01
naca0012/re200000/re200000_alpha-004.00.csv,200000,-004.00,-5.18060308e-01
naca0012/re200000/re200000_alpha+004.25.csv,200000,+004.25,5.44377278e-01
naca0012/re200000/re200000_alpha-004.25.csv,200000,-004.25,-5.45805824e-01
naca0012/re200000/re200000_alpha+004.50.csv,200000,+004.50,5.61490203e-01
naca0012/re200000/re200000_alpha-004.50.csv,200000,-004.50,-5.57260330e-01
naca0012/re200000/re200000_alpha+004.75.csv,200000,+004.75,5.93702373e-01
naca0012/re200000/re200000_alpha-004.75.csv,200000,-004.75,-5.95219850e-01
naca0012/re200000/re200000_alpha+005.00.csv,200000,+005.00,6.12717513e-01
naca0012/re200000/re200000_alpha-005.00.csv,200000,-005.00,-5.95639083e-01
naca0012/re200000/re200000_alpha+005.25.csv,200000,+005.25,6.41143850e-01
naca0012/re200000/re200000_alpha-005.25.csv,200000,-005.25,-6.35989519e-01
naca0012/re200000/re200000_alpha+005.50.csv,200000,+005.50,6.36677548e-01
naca0012/re200000/re200000_alpha-005.50.csv,200000,-005.50,-6.62953677e-01
naca0012/re200000/re200000_alpha+005.75.csv,200000,+005.75,6.78168754e-01
naca0012/re200000/re200000_alpha-005.75.csv,200000,-005.75,-6.68345124e-01
naca0012/re200000/re200000_alpha+006.00.csv,200000,+006.00,6.82167314e-01
naca0012/re200000/re200000_alpha-006.00.csv,200000,-006.00,-6.75156095e-01
naca0012/re200000/re200000_alpha+006.25.csv,200000,+006.25,7.23232312e-01
naca0012/re200000/re200000_alpha-006.25.csv,200000,-006.25,-7.07698572e-01
naca0012/re200000/re200000_alpha+006.50.csv,200000,+006.50,7.36783365e-01
naca0012/re200000/re200000_alpha-006.50.csv,200000,-006.50,-7.18393404e-01
naca0012/re200000/re200000_alpha+006.75.csv,200000,+006.75,7.40933190e-01
naca0012/re200000/re200000_alpha-006.75.csv,200000,-006.75,-7.49037023e-01
naca0012/re200000/re200000_alpha+007.00.csv,200000,+007.00,7.72901754e-01
naca0012/re200000/re200000_alpha-007.00.csv,200000,-007.00,-7.74539281e-01
naca0012/re200000/re200000_alpha+007.25.csv,200000,+007.25,7.81113752e-01
naca0012/re200000/re200000_alpha-007.25.csv,200000,-007.25,-7.86304635e-01
naca0012/re200000/re200000_alpha+007.50.csv,200000,+007.50,8.13318734e-01
naca0012/re200000/re200000_alpha-007.50.csv,200000,-007.50,-8.15697645e-01
naca0012/re200000/re200000_alpha+007.75.csv,200000,+007.75,8.16027206e-01
naca0012/re200000/re200000_alpha-007.75.csv,200000,-007.75,-8.17028442e-01
naca0012/re200000/re200000_alpha+008.00.csv,200000,+008.00,8.48941357e-01
naca0012/re200000/re200000_alpha-008.00.csv,200000,-008.00,-8.42204356e-01
naca0012/re200000/re200000_alpha+008.25.csv,200000,+008.25,8.53494785e-01
naca0012/re200000/re200000_alpha-008.25.csv,200000,-008.25,-8.49193704e-01
naca0012/re200000/re200000_alpha+008.50.csv,200000,+008.50,8.92496998e-01
naca0012/re200000/re200000_alpha-008.50.csv,200000,-008.50,-8.86957152e-01
naca0012/re200000/re200000_alpha+008.75.csv,200000,+008.75,9.14925574e-01
naca0012/re200000/re200000_alpha-008.75.csv,200000,-008.75,-9.09576759e-01
naca0012/re200000/re200000_alpha+009.00.csv,200000,+009.00,9.21356848e-01
naca0012/re200000/re200000_alpha-009.00.csv,200000,-009.00,-9.17524191e-01
naca0012/re200000/re200000_alpha+009.25.csv,200000,+009.25,9.23561214e-01
naca0012/re200000/re200000_alpha-009.25.csv,200000,-009.25,-9.36653652e-01
naca0012/re200000/re200000_alpha+009.50.csv,200000,+009.50,9.58364331e-01
naca0012/re200000/re200000_alpha-009.50.csv,200000,-009.50,-9.60584206e-01
naca0012/re200000/re200000_alpha+009.75.csv,200000,+009.75,9.59487975e-01
naca0012/re200000/re200000_alpha-009.75.csv,200000,-009.75,-9.67363093e-01
naca0012/re200000/re200000_alpha+010.00.csv,200000,+010.00,9.74707763e-01
naca0012/re200000/re200000_alpha-010.00.csv,200000,-010.00,-1.00812667e+00
naca0012/re200000/re200000_alpha+010.25.csv,200000,+010.25,1.02794105e+00
naca0012/re200000/re200000_alpha-010.25.csv,200000,-010.25,-1.02555303e+00
naca0012/re200000/re200000_alpha+010.50.csv,200000,+010.50,1.04607424e+00
naca0012/re200000/re200000_alpha-010.50.csv,200000,-010.50,-1.01601299e+00
naca0012/re200000/re200000_alpha+010.75.csv,200000,+010.75,1.02960322e+00
naca0012/re200000/re200000_alpha-010.75.csv,200000,-010.75,-1.05662723e+00
naca0012/re200000/re200000_alpha+011.00.csv,200000,+011.00,1.07570387e+00
naca0012/re200000/re200000_alpha-011.00.csv,200000,-011.00,-1.06905855e+00
naca0012/re200000/re200000_alpha+011.25.csv,200000,+011.25,1.03913677e+00
naca0012/re200000/re200000_alpha-011.25.csv,200000,-011.25,-1.04184809e+00
naca0012/re200000/re200000_alpha+011.50.csv,200000,+011.50,1.05239620e+00
naca0012/re200000/re200000_alpha-011.50.csv,200000,-011.50,-1.08253888e+00
naca0012/re200000/re200000_alpha+011.75.csv,200000,+011.75,1.05694961e+00
naca0012/re200000/re200000_alpha-011.75.csv,200000,-011.75,-1.10371967e+00
naca0012/re200000/re200000_alpha+012.00.csv,200000,+012.00,1.11587529e+00
naca0012/re200000/re200000_alpha-012.00.csv,200000,-012.00,-1.10128878e+00
naca0012/re200000/re200000_alpha+012.25.csv,200000,+012.25,1.08603963e+00
naca0012/re200000/re200000_alpha+012.50.csv,200000,+012.50,1.08743850e+00
naca0012/re200000/re200000_alpha-012.50.csv,200000,-012.50,-1.06627738e+00
naca0012/re200000/re200000_alpha+012.75.csv,200000,+012.75,1.04770154e+00
naca0012/re200000/re200000_alpha-012.75.csv,200000,-012.75,-1.06706394e+00
naca0012/re200000/re200000_alpha+013.00.csv,200000,+013.00,1.01838485e+00
naca0012/re200000/re200000_alpha-013.00.csv,200000,-013.00,-1.01929908e+00
naca0012/re200000/re200000_alpha+013.25.csv,200000,+013.25,1.03048261e+00
naca0012/re200000/re200000_alpha-013.25.csv,200000,-013.25,-1.00323869e+00
naca0012/re200000/re200000_alpha+013.50.csv,200000,+013.50,1.01636782e+00
naca0012/re200000/re200000_alpha-013.50.csv,200000,-013.50,-9.81730238e-01
naca0012/re200000/re200000_alpha+013.75.csv,200000,+013.75,9.77034609e-01
naca0012/re200000/re200000_alpha-013.75.csv,200000,-013.75,-9.82507717e-01
naca0012/re200000/re200000_alpha+014.00.csv,200000,+014.00,9.43079875e-01
naca0012/re200000/re200000_alpha-014.00.csv,200000,-014.00,-9.37821902e-01
naca0012/re500000/re500000_alpha+000.00.csv,500000,+000.00,0.00000000e+00
naca0012/re500000/re500000_alpha+000.25.csv,500000,+000.25,2.55260274e-02
naca0012/re500000/re500000_alpha-000.25.csv,500000,-000.25,-2.56445673e-02
naca0012/re500000/re500000_alpha+000.50.csv,500000,+000.50,5.02226083e-02
naca0012/re500000/re500000_alpha-000.50.csv,500000,-000.50,-5.01573641e-02
naca0012/re500000/re500000_alpha+000.75.csv,500000,+000.75,7.75527181e-02
naca0012/re500000/re500000_alpha-000.75.csv,500000,-000.75,-7.69373855e-02
naca0012/re500000/re500000_alpha+001.00.csv,500000,+001.00,1.00172023e-01
naca0012/re500000/re500000_alpha-001.00.csv,500000,-001.00,-1.02978578e-01
naca0012/re500000/re500000_alpha+001.25.csv,500000,+001.25,1.28583034e-01
naca0012/re500000/re500000_alpha-001.25.csv,500000,-001.25,-1.30156894e-01
naca0012/re500000/re500000_alpha+001.50.csv,500000,+001.50,1.56751390e-01
naca0012/re500000/re500000_alpha-001.50.csv,500000,-001.50,-1.50931375e-01
naca0012/re500000/re500000_alpha+001.75.csv,500000,+001.75,1.77084170e-01
naca0012/re500000/re500000_alpha-001.75.csv,500000,-001.75,-1.80474022e-01
naca0012/re500000/re500000_alpha+002.00.csv,500000,+002.00,2.10745149e-01
naca0012/re500000/re500000_alpha-002.00.csv,500000,-002.00,-2.10502509e-01
naca0012/re500000/re500000_alpha+002.25.csv,500000,+002.25,2.37175027e-01
naca0012/re500000/re500000_alpha-002.25.csv,500000,-002.25,-2.29476897e-01
naca0012/re500000/re500000_alpha+002.50.csv,500000,+002.50,2.63008931e-01
naca0012/re500000/re500000_alpha-002.50.csv,500000,-002.50,-2.60671841e-01
naca0012/re500000/re500000_alpha+002.75.csv,500000,+002.75,2.96190175e-01
naca0012/re500000/re500000_alpha-002.75.csv,500000,-002.75,-2.95932745e-01
naca0012/re500000/re500000_alpha+003.00.csv,500000,+003.00,3.26110646e-01
naca0012/re500000/re500000_alpha-003.00.csv,500000,-003.00,-3.30452754e-01
naca0012/re500000/re500000_alpha+003.25.csv,500000,+003.25,3.72660310e-01
naca0012/re500000/re500000_alpha-003.25.csv,500000,-003.25,-3.62713122e-01
naca0012/re500000/re500000_alpha+003.50.csv,500000,+003.50,3.94792498e-01
naca0012/re500000/re500000_alpha-003.50.csv,500000,-003.50,-3.96544248e-01
naca0012/re500000/re500000_alpha+003.75.csv,500000,+003.75,4.35269544e-01
naca0012/re500000/re500000_alpha-003.75.csv,500000,-003.75,-4.34441687e-01
naca0012/re500000/re500000_alpha+004.00.csv,500000,+004.00,4.63415654e-01
naca0012/re500000/re500000_alpha-004.00.csv,500000,-004.00,-4.62519702e-01
naca0012/re500000/re500000_alpha+004.25.csv,500000,+004.25,5.16960663e-01
naca0012/re500000/re500000_alpha-004.25.csv,500000,-004.25,-5.01242308e-01
naca0012/re500000/re500000_alpha+004.50.csv,500000,+004.50,5.46111901e-01
naca0012/re500000/re500000_alpha-004.50.csv,500000,-004.50,-5.33017741e-01
naca0012/re500000/re500000_alpha+004.75.csv,500000,+004.75,5.67208889e-01
naca0012/re500000/re500000_alpha-004.75.csv,500000,-004.75,-5.92534815e-01
naca0012/re500000/re500000_alpha+005.00.csv,500000,+005.00,6.06160159e-01
naca0012/re500000/re500000_alpha-005.00.csv,500000,-005.00,-6.06844641e-01
naca0012/re500000/re500000_alpha+005.25.csv,500000,+005.25,6.56451792e-01
naca0012/re500000/re500000_alpha-005.25.csv,500000,-005.25,-6.62763741e-01
naca0012/re500000/re500000_alpha+005.50.csv,500000,+005.50,6.54839647e-01
naca0012/re500000/re500000_alpha-005.50.csv,500000,-005.50,-6.74981520e-01
naca0012/re500000/re500000_alpha+005.75.csv,500000,+005.75,7.04183951e-01
naca0012/re500000/re500000_alpha-005.75.csv,500000,-005.75,-7.01256196e-01
naca0012/re500000/re500000_alpha+006.00.csv,500000,+006.00,7.01536247e-01
naca0012/re500000/re500000_alpha-006.00.csv,500000,-006.00,-7.06281879e-01
naca0012/re500000/re500000_alpha+006.25.csv,500000,+006.25,7.49706654e-01
naca0012/re500000/re500000_alpha-006.25.csv,500000,-006.25,-7.17286979e-01
naca0012/re500000/re500000_alpha+006.50.csv,500000,+006.50,7.60953565e-01
naca0012/re500000/re500000_alpha-006.50.csv,500000,-006.50,-7.64140031e-01
naca0012/re500000/re500000_alpha+006.75.csv,500000,+006.75,7.79961485e-01
naca0012/re500000/re500000_alpha-006.75.csv,500000,-006.75,-7.67066279e-01
naca0012/re500000/re500000_alpha+007.00.csv,500000,+007.00,8.00623347e-01
naca0012/re500000/re500000_alpha-007.00.csv,500000,-007.00,-7.83963240e-01
naca0012/re500000/re500000_alpha+007.25.csv,500000,+007.25,7.92539660e-01
naca0012/re500000/re500000_alpha-007.25.csv,500000,-007.25,-8.11141639e-01
naca0012/re500000/re500000_alpha+007.50.csv,500000,+007.50,8.36063513e-01
naca0012/re500000/re500000_alpha-007.50.csv,500000,-007.50,-8.52301009e-01
naca0012/re500000/re500000_alpha+007.75.csv,500000,+007.75,8.39951595e-01
naca0012/re500000/re500000_alpha-007.75.csv,500000,-007.75,-8.61461205e-01
naca0012/re500000/re500000_alpha+008.00.csv,500000,+008.00,8.53862427e-01
naca0012/re500000/re500000_alpha-008.00.csv,500000,-008.00,-8.58278664e-01
naca0012/re500000/re500000_alpha+008.25.csv,500000,+008.25,8.68337451e-01
naca0012/re500000/re500000_alpha-008.25.csv,500000,-008.25,-8.97310883e-01
naca0012/re500000/re500000_alpha+008.50.csv,500000,+008.50,8.96693533e-01
naca0012/re500000/re500000_alpha-008.50.csv,500000,-008.50,-9.18734202e-01
naca0012/re500000/re500000_alpha+008.75.csv,500000,+008.75,9.07386911e-01
naca0012/re500000/re500000_alpha-008.75.csv,500000,-008.75,-9.43082956e-01
naca0012/re500000/re500000_alpha+009.00.csv,500000,+009.00,9.45386097e-01
naca0012/re500000/re500000_alpha-009.00.csv,500000,-009.00,-9.31550099e-01
naca0012/re500000/re500000_alpha+009.25.csv,500000,+009.25,9.57092497e-01
naca0012/re500000/re500000_alpha-009.25.csv,500000,-009.25,-9.67317927e-01
naca0012/re500000/re500000_alpha+009.50.csv,500000,+009.50,9.70725946e-01
naca0012/re500000/re500000_alpha-009.50.csv,500000,-009.50,-1.01180889e+00
naca0012/re500000/re500000_alpha+009.75.csv,500000,+009.75,1.01149912e+00
naca0012/re500000/re500000_alpha-009.75.csv,500000,-009.75,-1.01173444e+00
naca0012/re500000/re500000_alpha+010.00.csv,500000,+010.00,1.03435478e+00
naca0012/re500000/re500000_alpha-010.00.csv,500000,-010.00,-1.01348823e+00
naca0012/re500000/re500000_alpha+010.25.csv,500000,+010.25,1.02890449e+00
naca0012/re500000/re500000_alpha-010.25.csv,500000,-010.25,-1.04201248e+00
naca0012/re500000/re500000_alpha+010.50.csv,500000,+010.50,1.05157689e+00
naca0012/re500000/re500000_alpha-010.50.csv,500000,-010.50,-1.06650069e+00
naca0012/re500000/re500000_alpha+010.75.csv,500000,+010.75,1.09722170e+00
naca0012/re500000/re500000_alpha-010.75.csv,500000,-010.75,-1.09367895e+00
naca0012/re500000/re500000_alpha+011.00.csv,500000,+011.00,1.10285163e+00
naca0012/re500000/re500000_alpha-011.00.csv,500000,-011.00,-1.12326701e+00
naca0012/re500000/re500000_alpha+011.25.csv,500000,+011.25,1.10128075e+00
naca0012/re500000/re500000_alpha-011.25.csv,500000,-011.25,-1.12488002e+00
naca0012/re500000/re500000_alpha+011.50.csv,500000,+011.50,1.14195224e+00
naca0012/re500000/re500000_alpha-011.50.csv,500000,-011.50,-1.11005274e+00
naca0012/re500000/re500000_alpha+011.75.csv,500000,+011.75,1.14312925e+00
naca0012/re500000/re500000_alpha-011.75.csv,500000,-011.75,-1.11946767e+00
naca0012/re500000/re500000_alpha+012.00.csv,500000,+012.00,1.16586143e+00
naca0012/re500000/re500000_alpha-012.00.csv,500000,-012.00,-1.14219386e+00
naca0012/re500000/re500000_alpha+012.25.csv,500000,+012.25,1.14724153e+00
naca0012/re500000/re500000_alpha-012.25.csv,500000,-012.25,-1.14627255e+00
naca0012/re500000/re500000_alpha+012.50.csv,500000,+012.50,1.18527609e+00
naca0012/re500000/re500000_alpha-012.50.csv,500000,-012.50,-1.15487804e+00
naca0012/re500000/re500000_alpha+012.75.csv,500000,+012.75,1.18395299e+00
naca0012/re500000/re500000_alpha-012.75.csv,500000,-012.75,-1.16369700e+00
naca0012/re500000/re500000_alpha+013.00.csv,500000,+013.00,1.16172981e+00
naca0012/re500000/re500000_alpha-013.00.csv,500000,-013.00,-1.17312920e+00
naca0012/re500000/re500000_alpha+013.25.csv,500000,+013.25,1.18856921e+00
naca0012/re500000/re500000_alpha-013.25.csv,500000,-013.25,-1.19489024e+00
naca0012/re500000/re500000_alpha+013.50.csv,500000,+013.50,1.21586024e+00
naca0012/re500000/re500000_alpha-013.50.csv,500000,-013.50,-1.22529309e+00
naca0012/re500000/re500000_alpha+013.75.csv,500000,+013.75,1.21082860e+00
naca0012/re500000/re500000_alpha-013.75.csv,500000,-013.75,-1.22133863e+00
naca0012/re500000/re500000_alpha+014.00.csv,500000,+014.00,1.20027332e+00
naca0012/re500000/re500000_alpha-014.00.csv,500000,-014.00,-1.19188008e+00
naca0012/re500000/re500000_alpha+014.25.csv,500000,+014.25,1.21167517e+00
naca0012/re500000/re500000_alpha-014.25.csv,500000,-014.25,-1.18722455e+00
naca0012/re500000/re500000_alpha+014.50.csv,500000,+014.50,1.20429811e+00
naca0012/re500000/re500000_alpha-014.50.csv,500000,-014.50,-1.19624227e+00
naca0012/re500000/re500000_alpha+014.75.csv,500000,+014.75,1.22255205e+00
naca0012/re500000/re500000_alpha-014.75.csv,500000,-014.75,-1.23277645e+00
naca0012/re500000/re500000_alpha+015.00.csv,500000,+015.00,1.18726032e+00
naca0012/re500000/re500000_alpha-015.00.csv,500000,-015.00,-1.21777508e+00
naca0012/re500000/re500000_alpha+015.25.csv,500000,+015.25,1.21605954e+00
naca0012/re500000/re500000_alpha-015.25.csv,500000,-015.25,-1.22834042e+00
naca0012/re500000/re500000_alpha+015.50.csv,500000,+015.50,1.21896577e+00
naca0012/re500000/re500000_alpha-015.50.csv,500000,-015.50,-1.19869837e+00
naca0012/re500000/re500000_alpha+015.75.csv,500000,+015.75,1.20741500e+00
naca0012/re500000/re500000_alpha-015.75.csv,500000,-015.75,-1.20254965e+00
naca0012/re500000/re500000_alpha+016.00.csv,500000,+016.00,1.16522190e+00
naca0012/re500000/re500000_alpha-016.00.csv,500000,-016.00,-1.18112962e+00
naca0012/re500000/re500000_alpha+016.25.csv,500000,+016.25,1.14867183e+00
naca0012/re500000/re500000_alpha-016.25.csv,500000,-016.25,-1.17227011e+00
naca0012/re500000/re500000_alpha+016.50.csv,500000,+016.50,1.14267912e+00
naca0012/re500000/re500000_alpha-016.50.csv,500000,-016.50,-1.14139778e+00
naca0012/re500000/re500000_alpha+016.75.csv,500000,+016.75,1.13841852e+00
naca0012/re500000/re500000_alpha-016.75.csv,500000,-016.75,-1.10609045e+00
naca0012/re500000/re500000_alpha+017.00.csv,500000,+017.00,1.08172473e+00
naca0012/re500000/re500000_alpha-017.00.csv,500000,-017.00,-1.08425958e+00
naca0012/re500000/re500000_alpha+017.25.csv,500000,+017.25,1.08134055e+00
naca0012/re500000/re500000_alpha-017.25.csv,500000,-017.25,-1.10420812e+00
naca0012/re500000/re500000_alpha+017.50.csv,500000,+017.50,1.04911536e+00
naca0012/re500000/re500000_alpha-017.50.csv,500000,-017.50,-1.05153700e+00
naca0012/re500000/re500000_alpha+017.75.csv,500000,+017.75,1.03446456e+00
naca0012/re500000/re500000_alpha-017.75.csv,500000,-017.75,-1.02003809e+00
naca0012/re500000/re500000_alpha+018.00.csv,500000,+018.00,7.60653279e-01
naca0012/re50000/re50000_alpha+000.00.csv,50000,+000.00,0.00000000e+00
naca0012/re50000/re50000_alpha+000.25.csv,50000,+000.25,-1.28976912e-02
naca0012/re50000/re50000_alpha-000.25.csv,50000,-000.25,1.27117059e-02
naca0012/re50000/re50000_alpha+000.50.csv,50000,+000.50,-2.27166975e-02
naca0012/re50000/re50000_alpha-000.50.csv,50000,-000.50,2.17204303e-02
naca0012/re50000/re50000_alpha+000.75.csv,50000,+000.75,-2.64148280e-02
naca0012/re50000/re50000_alpha-000.75.csv,50000,-000.75,2.76140775e-02
naca0012/re50000/re50000_alpha+001.00.csv,50000,+001.00,-2.78584789e-02
naca0012/re50000/re50000_alpha-001.00.csv,50000,-001.00,2.83599875e-02
naca0012/re50000/re50000_alpha+001.25.csv,50000,+001.25,-2.56093746e-02
naca0012/re50000/re50000_alpha-001.25.csv,50000,-001.25,2.57010913e-02
naca0012/re50000/re50000_alpha+001.50.csv,50000,+001.50,2.20379683e-02
naca0012/re50000/re50000_alpha-001.50.csv,50000,-001.50,-2.21555283e-02
naca0012/re50000/re50000_alpha+001.75.csv,50000,+001.75,9.94863786e-02
naca0012/re50000/re50000_alpha-001.75.csv,50000,-001.75,-1.01201269e-01
naca0012/re50000/re50000_alpha+002.00.csv,50000,+002.00,1.84724893e-01
naca0012/re50000/re50000_alpha-002.00.csv,50000,-002.00,-1.78843033e-01
naca0012/re50000/re50000_alpha+002.25.csv,50000,+002.25,2.67022347e-01
naca0012/re50000/re50000_alpha-002.25.csv,50000,-002.25,-2.67107135e-01
naca0012/re50000/re50000_alpha+002.50.csv,50000,+002.50,3.36516936e-01
naca0012/re50000/re50000_alpha-002.50.csv,50000,-002.50,-3.47851416e-01
naca0012/re50000/re50000_alpha+002.75.csv,50000,+002.75,3.97563874e-01
naca0012/re50000/re50000_alpha-002.75.csv,50000,-002.75,-3.93874345e-01
naca0012/re50000/re50000_alpha+003.00.csv,50000,+003.00,4.48206017e-01
naca0012/re50000/re50000_alpha-003.00.csv,50000,-003.00,-4.44987784e-01
naca0012/re50000/re50000_alpha+003.25.csv,50000,+003.25,4.71037361e-01
naca0012/re50000/re50000_alpha-003.25.csv,50000,-003.25,-4.80260070e-01
naca0012/re50000/re50000_alpha+003.50.csv,50000,+003.50,4.97915263e-01
naca0012/re50000/re50000_alpha-003.50.csv,50000,-003.50,-5.00346464e-01
naca0012/re50000/re50000_alpha+003.75.csv,50000,+003.75,5.22355983e-01
naca0012/re50000/re50000_alpha-003.75.csv,50000,-003.75,-5.06257266e-01
naca0012/re50000/re50000_alpha+004.00.csv,50000,+004.00,5.44062778e-01
naca0012/re50000/re50000_alpha-004.00.csv,50000,-004.00,-5.41701067e-01
naca0012/re50000/re50000_alpha+004.25.csv,50000,+004.25,5.45067796e-01
naca0012/re50000/re50000_alpha-004.25.csv,50000,-004.25,-5.65267749e-01
naca0012/re50000/re50000_alpha+004.50.csv,50000,+004.50,5.74190520e-01
naca0012/re50000/re50000_alpha-004.50.csv,50000,-004.50,-5.83087378e-01
naca0012/re50000/re50000_alpha+004.75.csv,50000,+004.75,5.79587152e-01
naca0012/re50000/re50000_alpha-004.75.csv,50000,-004.75,-5.97996395e-01
naca0012/re50000/re50000_alpha+005.00.csv,50000,+005.00,6.03532802e-01
naca0012/re50000/re50000_alpha-005.00.csv,50000,-005.00,-5.96977495e-01
naca0012/re50000/re50000_alpha+005.25.csv,50000,+005.25,6.19574482e-01
naca0012/re50000/re50000_alpha-005.25.csv,50000,-005.25,-6.17566760e-01
naca0012/re50000/re50000_alpha+005.50.csv,50000,+005.50,6.35936492e-01
naca0012/re50000/re50000_alpha-005.50.csv,50000,-005.50,-6.44164506e-01
naca0012/re50000/re50000_alpha+005.75.csv,50000,+005.75,6.62470951e-01
naca0012/re50000/re50000_alpha-005.75.csv,50000,-005.75,-6.51251278e-01
naca0012/re50000/re50000_alpha+006.00.csv,50000,+006.00,6.70788032e-01
naca0012/re50000/re50000_alpha-006.00.csv,50000,-006.00,-6.76458062e-01
naca0012/re50000/re50000_alpha+006.25.csv,50000,+006.25,7.16993102e-01
naca0012/re50000/re50000_alpha-006.25.csv,50000,-006.25,-7.00812599e-01
naca0012/re50000/re50000_alpha+006.50.csv,50000,+006.50,7.24474011e-01
naca0012/re50000/re50000_alpha-006.50.csv,50000,-006.50,-7.16290328e-01
naca0012/re50000/re50000_alpha+006.75.csv,50000,+006.75,7.53341083e-01
naca0012/re50000/re50000_alpha-006.75.csv,50000,-006.75,-7.39596346e-01
naca0012/re50000/re50000_alpha+007.00.csv,50000,+007.00,7.66931041e-01
naca0012/re50000/re50000_alpha-007.00.csv,50000,-007.00,-7.73537648e-01
naca0012/re50000/re50000_alpha+007.25.csv,50000,+007.25,7.57798184e-01
naca0012/re50000/re50000_alpha-007.25.csv,50000,-007.25,-7.87784716e-01
naca0012/re50000/re50000_alpha+007.50.csv,50000,+007.50,8.07782704e-01
naca0012/re50000/re50000_alpha-007.50.csv,50000,-007.50,-8.10260098e-01
naca0012/re50000/re50000_alpha+007.75.csv,50000,+007.75,7.94062298e-01
naca0012/re50000/re50000_alpha-007.75.csv,50000,-007.75,-8.18684012e-01
naca0012/re50000/re50000_alpha+008.00.csv,50000,+008.00,8.38891802e-01
naca0012/re50000/re50000_alpha-008.00.csv,50000,-008.00,-8.04543014e-01
naca0012/re50000/re50000_alpha+008.25.csv,50000,+008.25,8.52551212e-01
naca0012/re50000/re50000_alpha-008.25.csv,50000,-008.25,-8.21434417e-01
naca0012/re50000/re50000_alpha+008.50.csv,50000,+008.50,8.31125325e-01
naca0012/re50000/re50000_alpha-008.50.csv,50000,-008.50,-8.27733471e-01
naca0012/re50000/re50000_alpha+008.75.csv,50000,+008.75,8.67829766e-01
naca0012/re50000/re50000_alpha-008.75.csv,50000,-008.75,-8.44678689e-01
naca0012/re50000/re50000_alpha+009.00.csv,50000,+009.00,8.72759270e-01
naca0012/re50000/re50000_alpha-009.00.csv,50000,-009.00,-8.44777867e-01
naca0012/re50000/re50000_alpha+009.25.csv,50000,+009.25,8.51665026e-01
naca0012/re50000/re50000_alpha-009.25.csv,50000,-009.25,-8.63581536e-01
naca0012/re50000/re50000_alpha+009.50.csv,50000,+009.50,8.27056911e-01
naca0012/re50000/re50000_alpha-009.50.csv,50000,-009.50,-8.49561621e-01
naca0012/re50000/re50000_alpha+009.75.csv,50000,+009.75,8.27449541e-01
naca0012/re50000/re50000_alpha-009.75.csv,50000,-009.75,-8.28653333e-01
naca0012/re50000/re50000_alpha+010.00.csv,50000,+010.00,8.02929932e-01
naca0012/re50000/re50000_alpha-010.00.csv,50000,-010.00,-8.08801460e-01
naca0012/re50000/re50000_alpha+010.25.csv,50000,+010.25,6.54110797e-01
naca0012/re50000/re50000_alpha+010.50.csv,50000,+010.50,6.72359605e-01
