epoch,layer_index,layer_name,parameter_scope,mean_pre_update_norm,mean_update_norm,mean_ratio,rms_ratio,maximum_ratio,last_ratio,near_zero_denominator_steps,optimizer_steps,epsilon
1,0,"Conv2DLayer(1,8,5, stride=5, padding=0)","all",1.3290217704258731,0.00011468562711046195,8.6293121513855004e-05,8.7157546659145894e-05,0.00010850244476963635,6.7648397628280522e-05,0,22,9.9999999999999998e-13
1,0,"Conv2DLayer(1,8,5, stride=5, padding=0)","weights",1.3290217477451109,0.00011240269819137888,8.4575372818542649e-05,8.5465889376124812e-05,0.00010639500866755575,6.5705494415040167e-05,0,22,9.9999999999999998e-13
1,0,"Conv2DLayer(1,8,5, stride=5, padding=0)","biases",0.00021613067701997831,2.2635041185889008e-05,1285648.7476078309,6030226.3964402452,28284268.925166547,0.053466914934396086,1,22,9.9999999999999998e-13
1,4,"DenseLayer( 7202,128 )","all",15.859777097412151,0.0076051251975543608,0.00047952357773575321,0.00048291823020618938,0.00060535173958741774,0.00039522604215411525,0,22,9.9999999999999998e-13
1,4,"DenseLayer( 7202,128 )","weights",15.859777062697553,0.0076046692800462636,0.00047949483181480699,0.00048288882778405045,0.00060530970515752119,0.00039520815624402214,0,22,9.9999999999999998e-13
1,4,"DenseLayer( 7202,128 )","biases",0.00092562995230899379,8.3074266128397624e-05,5142579.531746041,24120835.370568674,113136746.36222172,0.036473302305022208,1,22,9.9999999999999998e-13
1,6,"DenseLayer( 128,64 )","all",9.2537664592797562,0.00071547003955301381,7.7316624909238508e-05,7.7871968333877953e-05,9.8167824334353311e-05,6.4734954461533362e-05,0,22,9.9999999999999998e-13
1,6,"DenseLayer( 128,64 )","weights",9.2537664280889462,0.00071309829488733635,7.7060324712476035e-05,7.7609012709945789e-05,9.7786420630214133e-05,6.4586625061743692e-05,0,22,9.9999999999999998e-13
1,6,"DenseLayer( 128,64 )","biases",0.00066964144626227606,5.8007171148684209e-05,3636360.7586979126,17056043.110419329,79999933.405338645,0.033990960244006642,1,22,9.9999999999999998e-13
1,8,"DenseLayer( 64,1 )","all",1.4077418026430917,6.255756607109266e-05,4.4438083906894139e-05,4.4797985072627321e-05,5.7273920888386521e-05,3.7348491701769187e-05,0,22,9.9999999999999998e-13
1,8,"DenseLayer( 64,1 )","weights",1.4077417985325797,6.2052400828257909e-05,4.4079238386550967e-05,4.4428712609690734e-05,5.6831760823626612e-05,3.7249520133986481e-05,0,22,9.9999999999999998e-13
1,8,"DenseLayer( 64,1 )","biases",9.4148458711887628e-05,7.8569375380704347e-06,454545.5970118714,2132007.1096970895,9999999.7473787516,0.022629701191176917,1,22,9.9999999999999998e-13
2,0,"Conv2DLayer(1,8,5, stride=5, padding=0)","all",1.3291382396348799,8.5391639095292065e-05,6.4245984253316889e-05,6.4292480224846502e-05,6.6792690572167626e-05,5.783392813421409e-05,0,22,9.9999999999999998e-13
2,0,"Conv2DLayer(1,8,5, stride=5, padding=0)","weights",1.3291381023192916,8.3037990404506397e-05,6.2475175080779194e-05,6.251770014569092e-05,6.4861040908700419e-05,5.6384081814770989e-05,0,22,9.9999999999999998e-13
2,0,"Conv2DLayer(1,8,5, stride=5, padding=0)","biases",0.00059458860460048161,1.9904495796658362e-05,0.034979232320442928,0.035968706143436037,0.050844898349006032,0.022236006063004431,0,22,9.9999999999999998e-13
2,4,"DenseLayer( 7202,128 )","all",15.860733303602803,0.005036485847699456,0.00031754515120550696,0.00032052413974551359,0.00038866394008882588,0.00024414274591971926,0,22,9.9999999999999998e-13
2,4,"DenseLayer( 7202,128 )","weights",15.860733170785602,0.0050362506717256256,0.00031753032621421781,0.00032050932123896952,0.00038864671504288854,0.00024412948994840592,0,22,9.9999999999999998e-13
2,4,"DenseLayer( 7202,128 )","biases",0.0020423305581880754,4.8635096347078615e-05,0.024313715887023832,0.024825668734219545,0.034564606195475911,0.017078882724225235,0,22,9.9999999999999998e-13
2,6,"DenseLayer( 128,64 )","all",9.2538893503723916,0.00052861684206464759,5.7123779520134086e-05,5.7273473102074124e-05,6.3580637661644242e-05,4.9137692718168784e-05,0,22,9.9999999999999998e-13
2,6,"DenseLayer( 128,64 )","weights",9.2538892254576943,0.00052747679327590311,5.7000583513188882e-05,5.7150128504181065e-05,6.3441274375960148e-05,4.9026854315894904e-05,0,22,9.9999999999999998e-13
2,6,"DenseLayer( 128,64 )","biases",0.0015113865619108603,3.4694053023971753e-05,0.023401986783152754,0.023760946891959945,0.031744194068795972,0.017104802727422666,0,22,9.9999999999999998e-13
2,8,"DenseLayer( 64,1 )","all",1.4078064535416079,4.838113125186411e-05,3.436640946571363e-05,3.4438185898838042e-05,3.7011887463000686e-05,2.9730739441257728e-05,0,22,9.9999999999999998e-13
2,8,"DenseLayer( 64,1 )","weights",1.4078064396244563,4.8315623582933358e-05,3.4319878531894417e-05,3.4392564701816861e-05,3.6962436689675153e-05,2.9659443978367615e-05,0,22,9.9999999999999998e-13
2,8,"DenseLayer( 64,1 )","biases",0.00019741659740578723,2.4501105971549722e-06,0.012416777273744845,0.01262536946614079,0.018573972697536408,0.012941675709963244,0,22,9.9999999999999998e-13
3,0,"Conv2DLayer(1,8,5, stride=5, padding=0)","all",1.3293667454874727,4.7815423492030718e-05,3.5969053174320003e-05,3.821697455309499e-05,5.6192815203380901e-05,1.5586237066610638e-05,0,22,9.9999999999999998e-13
3,0,"Conv2DLayer(1,8,5, stride=5, padding=0)","weights",1.3293664355362234,4.6646104707277862e-05,3.5089442895712498e-05,3.727899059000973e-05,5.4779960395954744e-05,1.5204054289744187e-05,0,22,9.9999999999999998e-13
3,0,"Conv2DLayer(1,8,5, stride=5, padding=0)","biases",0.00090560648868640318,1.0509176370642646e-05,0.011960484296516459,0.013018342895392228,0.021218735620287768,0.0046114674168670714,0,22,9.9999999999999998e-13
3,4,"DenseLayer( 7202,128 )","all",15.861619935817783,0.002403092503534974,0.0001515041716016942,0.00015963118815472219,0.00023541874189014791,8.1550511034360869e-05,0,22,9.9999999999999998e-13
3,4,"DenseLayer( 7202,128 )","weights",15.861619724148259,0.0024029543006089719,0.00015149546049635085,0.00015962192544288038,0.00023540558707000624,8.1546985442483848e-05,0,22,9.9999999999999998e-13
3,4,"DenseLayer( 7202,128 )","biases",0.0025892958109069038,2.5754022849484607e-05,0.010097246781041383,0.010819535761483831,0.016526039151688213,0.0044218302118232272,0,22,9.9999999999999998e-13
3,6,"DenseLayer( 128,64 )","all",9.2541563291676852,0.00029739244297179282,3.2136163075066016e-05,3.3610275746428097e-05,4.8072755821854305e-05,1.817973058402011e-05,0,22,9.9999999999999998e-13
3,6,"DenseLayer( 128,64 )","weights",9.2541561097335414,0.00029673470614137519,3.2065088896099241e-05,3.3535305616357196e-05,4.7961737860621876e-05,1.8140640213120659e-05,0,22,9.9999999999999998e-13
3,6,"DenseLayer( 128,64 )","biases",0.0020124827241584844,1.9763540632270201e-05,0.010016666216411407,0.01069024162575437,0.016701327055715608,0.0051171374815818429,0,22,9.9999999999999998e-13
3,8,"DenseLayer( 64,1 )","all",1.4079989901976664,2.7397082059595144e-05,1.9458360425049729e-05,2.0420257746048636e-05,2.9160221038197554e-05,1.0415869255667261e-05,0,22,9.9999999999999998e-13
3,8,"DenseLayer( 64,1 )","weights",1.4079989674175788,2.7320007033335471e-05,1.9403619255072571e-05,2.0361506685045629e-05,2.907950486615977e-05,1.0403359062324891e-05,0,22,9.9999999999999998e-13
3,8,"DenseLayer( 64,1 )","biases",0.00025289995590521193,2.0455633851022204e-06,0.0082687803251279279,0.0089431843401350571,0.013462034210324166,0.002651290306785568,0,22,9.9999999999999998e-13
4,0,"Conv2DLayer(1,8,5, stride=5, padding=0)","all",1.3294463207051461,9.2059406452539381e-06,6.9246491492023859e-06,7.417527394007834e-06,1.4306557705391121e-05,7.9014486929708932e-06,0,22,9.9999999999999998e-13
4,0,"Conv2DLayer(1,8,5, stride=5, padding=0)","weights",1.3294459441674973,9.0414917089512355e-06,6.8009536116129683e-06,7.2817606233448901e-06,1.3971475545607286e-05,7.7850309719644603e-06,0,22,9.9999999999999998e-13
4,0,"Conv2DLayer(1,8,5, stride=5, padding=0)","biases",0.0010005751524233225,1.7141384993194716e-06,0.0017156618896476191,0.0018824197559674403,0.0041213367833324212,0.0018121528768768633,0,22,9.9999999999999998e-13
4,4,"DenseLayer( 7202,128 )","all",15.861913112669622,0.0010309191553773357,6.4993369870689827e-05,6.520376095103823e-05,7.9287347996097462e-05,5.5400447533589829e-05,0,22,9.9999999999999998e-13
4,4,"DenseLayer( 7202,128 )","weights",15.861912875259671,0.0010308707366930507,6.4990318330965157e-05,6.5200698557898835e-05,7.928413950334164e-05,5.539806735225256e-05,0,22,9.9999999999999998e-13
4,4,"DenseLayer( 7202,128 )","biases",0.0027443594651785142,9.9820239778084018e-06,0.0036376207929438541,0.0036537224078799922,0.0042291879473249265,0.0029629497229185847,0,22,9.9999999999999998e-13
4,6,"DenseLayer( 128,64 )","all",9.2542417666680521,0.00012113970278587357,1.3090181510081247e-05,1.3142409699177266e-05,1.7172960712616866e-05,1.2920101314329303e-05,0,22,9.9999999999999998e-13
4,6,"DenseLayer( 128,64 )","weights",9.2542415070475954,0.0001209550773894231,1.3070231523718524e-05,1.3122214036875858e-05,1.7139106973227883e-05,1.2900414402462778e-05,0,22,9.9999999999999998e-13
4,6,"DenseLayer( 128,64 )","biases",0.0021920362866197241,6.6684842675890771e-06,0.0030440171927070799,0.0030790404038607364,0.0046126900262323063,0.0029907690609830093,0,22,9.9999999999999998e-13
4,8,"DenseLayer( 64,1 )","all",1.4080778029246714,7.3134044943010488e-06,5.1938968670193963e-06,5.3659259087231867e-06,9.4623836950005007e-06,4.3372205684285443e-06,0,22,9.9999999999999998e-13
4,8,"DenseLayer( 64,1 )","weights",1.4080777763894419,7.3119643146562205e-06,5.1928741635395501e-06,5.3647030802246016e-06,9.4568807032927143e-06,4.3367356578594585e-06,0,22,9.9999999999999998e-13
4,8,"DenseLayer( 64,1 )","biases",0.0002733622637937184,1.3025816191326489e-07,0.00047710520049813043,0.00059173819613826759,0.0016718580907232813,0.00033322427618494521,0,22,9.9999999999999998e-13
5,0,"Conv2DLayer(1,8,5, stride=5, padding=0)","all",1.3294302104575884,6.2968414969868215e-06,4.7364933999778493e-06,4.9250528530839965e-06,6.9090152744584553e-06,4.1340008683035528e-06,0,22,9.9999999999999998e-13
5,0,"Conv2DLayer(1,8,5, stride=5, padding=0)","weights",1.3294298510132261,6.1773142247937563e-06,4.646586090247447e-06,4.8295621293697253e-06,6.7974006760296146e-06,4.0743685101325376e-06,0,22,9.9999999999999998e-13
5,0,"Conv2DLayer(1,8,5, stride=5, padding=0)","biases",0.00097758661360313631,1.2048228896184124e-06,0.0012301725885285083,0.0013082927857342354,0.0017920398881746417,0.00095485569524324145,0,22,9.9999999999999998e-13
5,4,"DenseLayer( 7202,128 )","all",15.861894040919237,0.00073351230522290215,4.6243675733802895e-05,4.6440846713721132e-05,5.4244872370229661e-05,3.9879793457828489e-05,0,22,9.9999999999999998e-13
5,4,"DenseLayer( 7202,128 )","weights",15.861893803762797,0.00073347795624415543,4.6241510922438573e-05,4.6438659759034804e-05,5.4242410286440435e-05,3.9878307233351526e-05,0,22,9.9999999999999998e-13
5,4,"DenseLayer( 7202,128 )","biases",0.0027428961371447754,7.0774408750761012e-06,0.0025798028397062177,0.0026057515141350777,0.00317041765805733,0.0019956060332945555,0,22,9.9999999999999998e-13
5,6,"DenseLayer( 128,64 )","all",9.2541906730141008,0.00010570218909651399,1.1422087872754022e-05,1.1470333719067809e-05,1.3236266658348829e-05,9.6458048324469986e-06,0,22,9.9999999999999998e-13
5,6,"DenseLayer( 128,64 )","weights",9.2541904100672099,0.00010550781675876397,1.1401084486862913e-05,1.1449280110532844e-05,1.3213468384641997e-05,9.6242579655791378e-06,0,22,9.9999999999999998e-13
5,6,"DenseLayer( 128,64 )","biases",0.0022060636069253696,6.390757619960274e-06,0.0028967908060232163,0.0029137866823396542,0.0033587871163423167,0.0026950411829371806,0,22,9.9999999999999998e-13
5,8,"DenseLayer( 64,1 )","all",1.4080735018913293,5.218225376984913e-06,3.7059315696903475e-06,3.7495516122232163e-06,4.5624311482446473e-06,3.209635575147491e-06,0,22,9.9999999999999998e-13
5,8,"DenseLayer( 64,1 )","weights",1.4080734756995295,5.2126959810955036e-06,3.7020047166873558e-06,3.7456026790644768e-06,4.5591154711689772e-06,3.2079553696286545e-06,0,22,9.9999999999999998e-13
5,8,"DenseLayer( 64,1 )","biases",0.00027158367182974786,2.165589566257867e-07,0.00079643409761331885,0.00089035828975700436,0.001518669708759354,0.00054245820593825452,0,22,9.9999999999999998e-13
6,0,"Conv2DLayer(1,8,5, stride=5, padding=0)","all",1.3294343062512934,4.0915309947294988e-06,3.0776472412300911e-06,3.2368702498420311e-06,5.8671578552804463e-06,2.4384195925104591e-06,0,22,9.9999999999999998e-13
6,0,"Conv2DLayer(1,8,5, stride=5, padding=0)","weights",1.3294339476879831,4.0449080417213229e-06,3.0425783044049939e-06,3.2000828328442251e-06,5.7933535497178946e-06,2.3991544397833897e-06,0,22,9.9999999999999998e-13
6,0,"Conv2DLayer(1,8,5, stride=5, padding=0)","biases",0.00097640710406027677,6.1211433866634404e-07,0.00062677537510467496,0.00066224680052344225,0.0012604037744848437,0.00059123277536908363,0,22,9.9999999999999998e-13
6,4,"DenseLayer( 7202,128 )","all",15.861915441568691,0.00055228502063297419,3.4818304405934945e-05,3.5013284896552792e-05,4.2002529109686215e-05,3.9590660255702866e-05,0,22,9.9999999999999998e-13
6,4,"DenseLayer( 7202,128 )","weights",15.861915204665864,0.00055226650515535964,3.4817137634666504e-05,3.5012098672352213e-05,4.2001032010779769e-05,3.9588614334238185e-05,0,22,9.9999999999999998e-13
6,4,"DenseLayer( 7202,128 )","biases",0.0027414336355618802,4.5070351029873896e-06,0.0016439519147161447,0.0016677432115186285,0.0023257411015365544,0.0023257411015365544,0,22,9.9999999999999998e-13
6,6,"DenseLayer( 128,64 )","all",9.2541804983905909,9.1009849461267964e-05,9.8344580348202985e-06,9.8591004485731009e-06,1.0949707515070946e-05,1.0838635350650738e-05,0,22,9.9999999999999998e-13
6,6,"DenseLayer( 128,64 )","weights",9.25418022873178,9.0799561178628885e-05,9.8117347222084522e-06,9.8363535962310208e-06,1.0927259179092597e-05,1.0817452394315412e-05,0,22,9.9999999999999998e-13
6,6,"DenseLayer( 128,64 )","biases",0.0022340045123614336,6.1754015191154916e-06,0.0027641167530266116,0.0027723421897319664,0.00306598871551382,0.0027795454250871738,0,22,9.9999999999999998e-13
6,8,"DenseLayer( 64,1 )","all",1.4080766904361157,4.8522507411010968e-06,3.4460122977963259e-06,3.4818190388814853e-06,4.2067664718178181e-06,3.8017965305987753e-06,0,22,9.9999999999999998e-13
6,8,"DenseLayer( 64,1 )","weights",1.4080766644307838,4.8489023293420215e-06,3.4436343593843397e-06,3.4793396356273234e-06,4.2065415496232529e-06,3.7885002340433363e-06,0,22,9.9999999999999998e-13
6,8,"DenseLayer( 64,1 )","biases",0.00027061884016306561,1.5153173907575282e-07,0.00055987209317852804,0.00068330109539069283,0.0016512141526993859,0.0016512141526993859,0,22,9.9999999999999998e-13
7,0,"Conv2DLayer(1,8,5, stride=5, padding=0)","all",1.3294375542020107,3.6698033271853959e-06,2.7604179611271436e-06,2.9095197623842715e-06,5.7353724050549817e-06,1.9651977864919195e-06,0,22,9.9999999999999998e-13
7,0,"Conv2DLayer(1,8,5, stride=5, padding=0)","weights",1.3294371971962911,3.5995839445172445e-06,2.7075998274867606e-06,2.8543414062055757e-06,5.6419534618994456e-06,1.9180405977234867e-06,0,22,9.9999999999999998e-13
7,0,"Conv2DLayer(1,8,5, stride=5, padding=0)","biases",0.00097428091401156804,7.0238292049417567e-07,0.00072082406559704332,0.00076933986071803554,0.0014066435895144043,0.0005867167308763946,0,22,9.9999999999999998e-13
7,4,"DenseLayer( 7202,128 )","all",15.86194085618302,0.00054862985948584189,3.458781425914792e-05,3.5001390668389917e-05,4.4535482554530459e-05,3.1771485758590779e-05,0,22,9.9999999999999998e-13
7,4,"DenseLayer( 7202,128 )","weights",15.861940619171165,0.00054860901968712837,3.4586500951909428e-05,3.5000002250914119e-05,4.4532774584190164e-05,3.177055172310522e-05,0,22,9.9999999999999998e-13
7,4,"DenseLayer( 7202,128 )","biases",0.0027420671939087414,4.7273185020784734e-06,0.0017239647829140495,0.001803683168479942,0.0028423327237284343,0.0014091543984188783,0,22,9.9999999999999998e-13
7,6,"DenseLayer( 128,64 )","all",9.2541698543950606,9.2869193873608365e-05,1.0035388677876742e-05,1.0083978842716644e-05,1.2057351497316576e-05,9.2561890953105709e-06,0,22,9.9999999999999998e-13
7,6,"DenseLayer( 128,64 )","weights",9.2541695784980025,9.2687243039850766e-05,1.0015727479577111e-05,1.0064206017922698e-05,1.2033062401884551e-05,9.2365284106955969e-06,0,22,9.9999999999999998e-13
7,6,"DenseLayer( 128,64 )","biases",0.0022597242111783841,5.8069628512821675e-06,0.0025697721109174784,0.0025849250899972575,0.0031403071576734396,0.0024574851073245092,0,22,9.9999999999999998e-13
7,8,"DenseLayer( 64,1 )","all",1.4080805948542732,5.4342905266180032e-06,3.8593602836140861e-06,3.884560267793337e-06,4.6782201859806746e-06,4.0907883444591138e-06,0,22,9.9999999999999998e-13
7,8,"DenseLayer( 64,1 )","weights",1.4080805691995657,5.427473248887503e-06,3.8545188160247119e-06,3.8793472651352831e-06,4.6707111036459754e-06,4.090360688759268e-06,0,22,9.9999999999999998e-13
7,8,"DenseLayer( 64,1 )","biases",0.00026878869076344102,2.3895303126085887e-07,0.00088816037951128604,0.0010522025723506683,0.0022554136742119679,0.00031062722822396767,0,22,9.9999999999999998e-13
8,0,"Conv2DLayer(1,8,5, stride=5, padding=0)","all",1.3294383798391189,4.0222597091802773e-06,3.0255340979960862e-06,3.1803303490702929e-06,5.2620054337557299e-06,1.9034343491592499e-06,0,22,9.9999999999999998e-13
8,0,"Conv2DLayer(1,8,5, stride=5, padding=0)","weights",1.3294380265737091,3.9677745470142323e-06,2.9845512827938366e-06,3.1395194275226524e-06,5.2225105749165193e-06,1.862533441238952e-06,0,22,9.9999999999999998e-13
8,0,"Conv2DLayer(1,8,5, stride=5, padding=0)","biases",0.00096916787586840347,6.3948088349520488e-07,0.00065990218420481131,0.00069681802359480112,0.0010852570177445787,0.00053740785429287369,0,22,9.9999999999999998e-13
8,4,"DenseLayer( 7202,128 )","all",15.861959260624308,0.00051099338969102213,3.2215026130355084e-05,3.2539496755036921e-05,4.369455463220606e-05,2.7879197985317714e-05,0,22,9.9999999999999998e-13
8,4,"DenseLayer( 7202,128 )","weights",15.861959023477157,0.00051097684631920732,3.2213983652906217e-05,3.2538420992809806e-05,4.369269769594842e-05,2.7878401692114646e-05,0,22,9.9999999999999998e-13
8,4,"DenseLayer( 7202,128 )","biases",0.0027428517439007025,4.0869166772886663e-06,0.001490036635137767,0.0015305028671764437,0.0023305884534573717,0.001217507856024749,0,22,9.9999999999999998e-13
8,6,"DenseLayer( 128,64 )","all",9.2541560387175785,8.888287197965193e-05,9.6046438199376428e-06,9.6722498717937373e-06,1.1926061490409744e-05,7.7973090481510824e-06,0,22,9.9999999999999998e-13
8,6,"DenseLayer( 128,64 )","weights",9.254155755275093,8.8697544236426577e-05,9.5846176792297399e-06,9.6520132101764204e-06,1.1900590424697026e-05,7.7847030008533587e-06,0,22,9.9999999999999998e-13
8,6,"DenseLayer( 128,64 )","biases",0.0022903952008374168,5.7290571311759029e-06,0.0025026235070272291,0.0025290692594688727,0.0031542387362474781,0.0017757436328548811,0,22,9.9999999999999998e-13
8,8,"DenseLayer( 64,1 )","all",1.4080896951590349,6.0402826461335681e-06,4.2897008243742067e-06,4.3019719543459987e-06,5.2490829536442606e-06,3.7959058514069812e-06,0,22,9.9999999999999998e-13
8,8,"DenseLayer( 64,1 )","weights",1.4080896697801506,6.0374966024638831e-06,4.2877223042026967e-06,4.2999394970412375e-06,5.24207356803627e-06,3.7939552254140717e-06,0,22,9.9999999999999998e-13
8,8,"DenseLayer( 64,1 )","biases",0.0002673408506035974,1.5540122562511402e-07,0.00058120839675101306,0.00069624179527205655,0.0014291121055298051,0.00064062656259504796,0,22,9.9999999999999998e-13
9,0,"Conv2DLayer(1,8,5, stride=5, padding=0)","all",1.3294422012741511,4.001436583077056e-06,3.0098608840496088e-06,3.3721371341506441e-06,6.2879294721033632e-06,2.2750353011966064e-06,0,22,9.9999999999999998e-13
9,0,"Conv2DLayer(1,8,5, stride=5, padding=0)","weights",1.3294418470328129,3.9311521312890287e-06,2.9569940624441367e-06,3.3226562612786476e-06,6.2220508985217567e-06,2.1439616815306559e-06,0,22,9.9999999999999998e-13
9,0,"Conv2DLayer(1,8,5, stride=5, padding=0)","biases",0.0009705070668138006,7.1129692289616872e-07,0.00073289285849386699,0.00078836284477550435,0.001244687647195595,0.0010403097259460055,0,22,9.9999999999999998e-13
9,4,"DenseLayer( 7202,128 )","all",15.861988179033693,0.00050258197482903552,3.1684674768515941e-05,3.2189167319513835e-05,4.4767375669722367e-05,4.4767375669722367e-05,0,22,9.9999999999999998e-13
9,4,"DenseLayer( 7202,128 )","weights",15.86198794074048,0.00050256276924900403,3.1683464452097429e-05,3.2187879439965914e-05,4.4764245348056928e-05,4.4764245348056928e-05,0,22,9.9999999999999998e-13
9,4,"DenseLayer( 7202,128 )","biases",0.0027494735260869961,4.3397407315950006e-06,0.0015782820778953302,0.001661281695180988,0.0030562985945000202,0.0030562985945000202,0,22,9.9999999999999998e-13
9,6,"DenseLayer( 128,64 )","all",9.254150922825735,8.3498763955732651e-05,9.0228443487116311e-06,9.0584489227464467e-06,1.1324334226072837e-05,1.1324334226072837e-05,0,22,9.9999999999999998e-13
9,6,"DenseLayer( 128,64 )","weights",9.2541506314614672,8.3337466197627505e-05,9.0054148586813479e-06,9.0409155649952038e-06,1.1300204772064155e-05,1.1300204772064155e-05,0,22,9.9999999999999998e-13
9,6,"DenseLayer( 128,64 )","biases",0.002322195851298876,5.1846089535615177e-06,0.0022322472927226128,0.0022440896688949437,0.0029303125100635804,0.0029303125100635804,0,22,9.9999999999999998e-13
9,8,"DenseLayer( 64,1 )","all",1.4081008748303614,6.510914163739367e-06,4.6238969947905788e-06,4.6444524459211512e-06,5.7984948739168225e-06,5.7984948739168225e-06,0,22,9.9999999999999998e-13
9,8,"DenseLayer( 64,1 )","weights",1.4081008494412832,6.5051826591562529e-06,4.61982671140723e-06,4.6399732284898573e-06,5.772170624389645e-06,5.772170624389645e-06,0,22,9.9999999999999998e-13
9,8,"DenseLayer( 64,1 )","biases",0.00026739559358578515,2.1278868768025527e-07,0.00079702034932538184,0.0010771863529122527,0.0029259015594435109,0.0029259015594435109,0,22,9.9999999999999998e-13
10,0,"Conv2DLayer(1,8,5, stride=5, padding=0)","all",1.3294408515790057,5.1356824532539155e-06,3.8630396035866414e-06,4.1171076263081026e-06,8.5537845015953733e-06,3.996138649851117e-06,0,22,9.9999999999999998e-13
10,0,"Conv2DLayer(1,8,5, stride=5, padding=0)","weights",1.3294405018039768,5.0336272653476745e-06,3.7862751366285049e-06,4.03995418690503e-06,8.4234555888087667e-06,3.9424682520857176e-06,0,22,9.9999999999999998e-13
10,0,"Conv2DLayer(1,8,5, stride=5, padding=0)","biases",0.00096436315387892803,1.000228241606507e-06,0.0010369350413848531,0.001093371435396176,0.0020567624372001959,0.00090097605408189104,0,22,9.9999999999999998e-13
10,4,"DenseLayer( 7202,128 )","all",15.862002205286631,0.00052722999943531396,3.3238552267844265e-05,3.3541938764273839e-05,4.3194115957959123e-05,3.2703073949453544e-05,0,22,9.9999999999999998e-13
10,4,"DenseLayer( 7202,128 )","weights",15.862001967721671,0.00052720561482483459,3.3237015468536053e-05,3.3540355399761867e-05,4.3192328052491336e-05,3.2702399979399597e-05,0,22,9.9999999999999998e-13
10,4,"DenseLayer( 7202,128 )","biases",0.0027452695338427593,5.026081912662537e-06,0.0018309870064549102,0.0018836793897515248,0.0030011902504464972,0.0012114606028499498,0,22,9.9999999999999998e-13
10,6,"DenseLayer( 128,64 )","all",9.2541377351048038,7.4505969033262682e-05,8.0510978176344157e-06,8.0891451032842499e-06,9.9130057855759247e-06,9.1419039210321845e-06,0,22,9.9999999999999998e-13
10,6,"DenseLayer( 128,64 )","weights",9.2541374390905027,7.4376061635261355e-05,8.037060311654611e-06,8.0749817555306354e-06,9.8935464784214646e-06,9.1214732802624975e-06,0,22,9.9999999999999998e-13
10,6,"DenseLayer( 128,64 )","biases",0.0023406505552948324,4.3836907595065588e-06,0.0018727553429674357,0.0018915262273355735,0.0024638880423750605,0.0023981883901426988,0,22,9.9999999999999998e-13
10,8,"DenseLayer( 64,1 )","all",1.4081052356797241,5.9639847302169398e-06,4.2354677685370345e-06,4.2626800082073166e-06,5.5613368017725207e-06,4.659857139001576e-06,0,22,9.9999999999999998e-13
10,8,"DenseLayer( 64,1 )","weights",1.4081052107279668,5.9586831028750834e-06,4.2317027666739694e-06,4.2587457261368073e-06,5.5612314455726483e-06,4.6587520231182148e-06,0,22,9.9999999999999998e-13
10,8,"DenseLayer( 64,1 )","biases",0.00026508195283399385,2.1007409403947266e-07,0.00079349201718749288,0.00097440956100078725,0.0022421322609665235,0.00053659114465054697,0,22,9.9999999999999998e-13
11,0,"Conv2DLayer(1,8,5, stride=5, padding=0)","all",1.3294465784752443,3.6183781155568923e-06,2.7217187240540359e-06,2.8749333079627542e-06,4.2963650606524076e-06,2.8870186097700992e-06,0,22,9.9999999999999998e-13
11,0,"Conv2DLayer(1,8,5, stride=5, padding=0)","weights",1.3294462274250745,3.5563334586288811e-06,2.6750498956334464e-06,2.8332976588653774e-06,4.2528356767582889e-06,2.8210982140581353e-06,0,22,9.9999999999999998e-13
11,0,"Conv2DLayer(1,8,5, stride=5, padding=0)","biases",0.00096612826669057622,6.3355827234435859e-07,0.00065585665746490773,0.00067101580984456116,0.00085064604646883164,0.00084382939056789263,0,22,9.9999999999999998e-13
11,4,"DenseLayer( 7202,128 )","all",15.862040671328982,0.0005387143332609486,3.3962487553456874e-05,3.413529378112454e-05,3.935618943721914e-05,3.6037166195155878e-05,0,22,9.9999999999999998e-13
11,4,"DenseLayer( 7202,128 )","weights",15.862040432469778,0.00053869220407330742,3.396109296146096e-05,3.4133891170986418e-05,3.9354337766322056e-05,3.603542408293741e-05,0,22,9.9999999999999998e-13
11,4,"DenseLayer( 7202,128 )","biases",0.0027527403603815124,4.8343883358384444e-06,0.0017562554493666727,0.0017835062688964197,0.0023075352874563143,0.0020423617918378855,0,22,9.9999999999999998e-13
11,6,"DenseLayer( 128,64 )","all",9.2541370477755596,8.2240685433173068e-05,8.886910347836467e-06,8.9759179656406531e-06,1.0583174475574915e-05,7.8685387228929792e-06,0,22,9.9999999999999998e-13
11,6,"DenseLayer( 128,64 )","weights",9.2541367405881267,8.205833681418614e-05,8.8672060900776224e-06,8.9555329343795575e-06,1.0554087412677746e-05,7.8555472482085733e-06,0,22,9.9999999999999998e-13
11,6,"DenseLayer( 128,64 )","biases",0.002384385695856243,5.4444565021788393e-06,0.0022854738270689122,0.0023503118068911658,0.0030370776281520534,0.0017454711293388883,0,22,9.9999999999999998e-13
11,8,"DenseLayer( 64,1 )","all",1.4081211604420851,6.9627150085191775e-06,4.9446866000970174e-06,5.0147852211600438e-06,6.5559139474995826e-06,3.9101879518964449e-06,0,22,9.9999999999999998e-13
11,8,"DenseLayer( 64,1 )","weights",1.4081211354236987,6.9554795007345727e-06,4.9395482822326583e-06,5.0099449733709645e-06,6.5558014699462147e-06,3.8977297171393819e-06,0,22,9.9999999999999998e-13
11,8,"DenseLayer( 64,1 )","biases",0.00026543764794372362,2.8345411093058909e-07,0.0010682250514526476,0.0011690498646735297,0.0020949318292707241,0.0016656347972633257,0,22,9.9999999999999998e-13
12,0,"Conv2DLayer(1,8,5, stride=5, padding=0)","all",1.329450250439256,2.9474404473593328e-06,2.2170369547558169e-06,2.2965910964347414e-06,3.4350555375449568e-06,2.7764293294956132e-06,0,22,9.9999999999999998e-13
12,0,"Conv2DLayer(1,8,5, stride=5, padding=0)","weights",1.3294498980225307,2.8997970072646237e-06,2.1812005869334686e-06,2.2615921477462611e-06,3.3987829721914841e-06,2.7440029953239523e-06,0,22,9.9999999999999998e-13
12,0,"Conv2DLayer(1,8,5, stride=5, padding=0)","biases",0.00096800858770851935,5.1913909437467483e-07,0.00053627937066494293,0.00054852554511152451,0.00073686640077156099,0.00058061412852754572,0,22,9.9999999999999998e-13
12,4,"DenseLayer( 7202,128 )","all",15.862073264724909,0.00044491640311883747,2.8049070689374197e-05,2.8370540290442974e-05,3.570404667697266e-05,2.8589978603677368e-05,0,22,9.9999999999999998e-13
12,4,"DenseLayer( 7202,128 )","weights",15.862073025096031,0.00044490145872521069,2.8048128966751303e-05,2.8369575348928699e-05,3.5702907864201843e-05,2.8589156253366972e-05,0,22,9.9999999999999998e-13
12,4,"DenseLayer( 7202,128 )","biases",0.0027571753604036116,3.6210597316993579e-06,0.0013133803758808907,0.0013465337263421488,0.0019044573085899826,0.0012463109304796226,0,22,9.9999999999999998e-13
12,6,"DenseLayer( 128,64 )","all",9.2541383677865774,6.2572870948835252e-05,6.7616096096300725e-06,6.7973696287031676e-06,8.1396224990241459e-06,8.1396224990241459e-06,0,22,9.9999999999999998e-13
12,6,"DenseLayer( 128,64 )","weights",9.2541380549132217,6.2468271598426419e-05,6.7503068567308334e-06,6.7858752354246216e-06,8.1203837822176756e-06,8.1203837822176756e-06,0,22,9.9999999999999998e-13
12,6,"DenseLayer( 128,64 )","biases",0.002406383874977006,3.5883678621401186e-06,0.0014905185470677218,0.0015181645758346851,0.0021364620014338418,0.0021364620014338418,0,22,9.9999999999999998e-13
12,8,"DenseLayer( 64,1 )","all",1.4081278649278532,5.5506782356261666e-06,3.9418840029951169e-06,4.0284288158732243e-06,5.4731172822868985e-06,5.1197894689091289e-06,0,22,9.9999999999999998e-13
12,8,"DenseLayer( 64,1 )","weights",1.4081278400045294,5.5468604514779121e-06,3.9391728238856124e-06,4.0256013872567172e-06,5.4691695467012208e-06,5.1155219472176227e-06,0,22,9.9999999999999998e-13
12,8,"DenseLayer( 64,1 )","biases",0.00026493328253061259,1.8023473041301424e-07,0.00068001467438999399,0.00080169264539149167,0.0015459977574053766,0.0011054498832292036,0,22,9.9999999999999998e-13
13,0,"Conv2DLayer(1,8,5, stride=5, padding=0)","all",1.3294533257579149,3.3950353457763052e-06,2.5537077683795872e-06,2.6770122482866138e-06,3.7520414383586503e-06,2.222252972879365e-06,0,22,9.9999999999999998e-13
13,0,"Conv2DLayer(1,8,5, stride=5, padding=0)","weights",1.32945297231597,3.3391748837038761e-06,2.5116908216741087e-06,2.6343665216775147e-06,3.6875135631116309e-06,2.2119034395137871e-06,0,22,9.9999999999999998e-13
13,0,"Conv2DLayer(1,8,5, stride=5, padding=0)","biases",0.00096941653679926353,6.0154450775928908e-07,0.00062049392572116689,0.00065260608701977715,0.001076449368079541,0.00029372712674979417,0,22,9.9999999999999998e-13
13,4,"DenseLayer( 7202,128 )","all",15.862101918703422,0.00050926135220989547,3.2105541229516579e-05,3.2397260605170563e-05,4.4194004491485292e-05,2.9548929624976257e-05,0,22,9.9999999999999998e-13
13,4,"DenseLayer( 7202,128 )","weights",15.862101678710708,0.00050923382723686841,3.210380644886394e-05,3.239549307599774e-05,4.4191242198321265e-05,2.9547340293372071e-05,0,22,9.9999999999999998e-13
13,4,"DenseLayer( 7202,128 )","biases",0.0027592680091848543,5.2723205940682559e-06,0.0019106649795960463,0.0019455099776739403,0.0028433255215449399,0.0017563584512107807,0,22,9.9999999999999998e-13
13,6,"DenseLayer( 128,64 )","all",9.2541416916427064,6.7621530756626226e-05,7.3071639602772828e-06,7.3560617487716973e-06,9.1052389675809122e-06,6.8925808400710159e-06,0,22,9.9999999999999998e-13
13,6,"DenseLayer( 128,64 )","weights",9.2541413715975338,6.7484725499147256e-05,7.2923810739691041e-06,7.3411418905974005e-06,9.0856713960497607e-06,6.8775951919651992e-06,0,22,9.9999999999999998e-13
13,6,"DenseLayer( 128,64 )","biases",0.0024338002721707068,4.2943593877203364e-06,0.0017649034933956875,0.0017814402677823629,0.0022761652780674472,0.0017128464506305525,0,22,9.9999999999999998e-13
13,8,"DenseLayer( 64,1 )","all",1.4081415915025746,6.3565006454743924e-06,4.5141067670619268e-06,4.543067363930874e-06,5.4855768989231798e-06,4.7089025647490434e-06,0,22,9.9999999999999998e-13
13,8,"DenseLayer( 64,1 )","weights",1.4081415667516581,6.3476832264075314e-06,4.5078450955636632e-06,4.5363470607148316e-06,5.465154112512982e-06,4.7071271183987006e-06,0,22,9.9999999999999998e-13
13,8,"DenseLayer( 64,1 )","biases",0.00026401624464514583,2.9808672314340418e-07,0.0011284938307397382,0.0013167068762616322,0.0026190927399137981,0.00068635452383441781,0,22,9.9999999999999998e-13
14,0,"Conv2DLayer(1,8,5, stride=5, padding=0)","all",1.3294574315874232,5.6119670851292976e-06,4.2212462443086206e-06,4.6405219380116336e-06,9.2710831545726236e-06,4.4126800260762104e-06,0,22,9.9999999999999998e-13
14,0,"Conv2DLayer(1,8,5, stride=5, padding=0)","weights",1.3294570764555518,5.5297868719238871e-06,4.1594325010821567e-06,4.5706408604482917e-06,9.1211863679615512e-06,4.3559821614323674e-06,0,22,9.9999999999999998e-13
14,0,"Conv2DLayer(1,8,5, stride=5, padding=0)","biases",0.00097172941393524584,9.3429496347225797e-07,0.00096170218580716288,0.0010978128989325396,0.0022736897624177454,0.00096848251761768591,0,22,9.9999999999999998e-13
14,4,"DenseLayer( 7202,128 )","all",15.86213834348402,0.00062010004136668726,3.9093090159141647e-05,4.024298680927132e-05,6.2275163759630228e-05,2.8586937229083557e-05,0,22,9.9999999999999998e-13
14,4,"DenseLayer( 7202,128 )","weights",15.862138100498981,0.00062005701988904107,3.909037854642536e-05,4.0240136396299489e-05,6.2270881037542426e-05,2.85858439222251e-05,0,22,9.9999999999999998e-13
14,4,"DenseLayer( 7202,128 )","biases",0.0027764189559713742,7.2655887133957096e-06,0.0026171434395919784,0.0027369983502697581,0.0041689018626220363,0.0014249042383960634,0,22,9.9999999999999998e-13
14,6,"DenseLayer( 128,64 )","all",9.2541467597529348,6.5137503850284015e-05,7.0387367783837003e-06,7.1555727085216497e-06,1.0414581517234061e-05,6.6472876914788e-06,0,22,9.9999999999999998e-13
14,6,"DenseLayer( 128,64 )","weights",9.2541464302820771,6.5022301955235842e-05,7.0262883504356556e-06,7.1428713866355746e-06,1.0398744040190166e-05,6.6360271737277655e-06,0,22,9.9999999999999998e-13
14,6,"DenseLayer( 128,64 )","biases",0.0024693952973177864,3.8423830699672881e-06,0.001556437543751674,0.0015978672589139732,0.0021497670820210422,0.0014449425506181566,0,22,9.9999999999999998e-13
14,8,"DenseLayer( 64,1 )","all",1.4081585777363073,6.0855018990994516e-06,4.3216031426724434e-06,4.3925468152117557e-06,5.8661108339548385e-06,3.6103903930333523e-06,0,22,9.9999999999999998e-13
14,8,"DenseLayer( 64,1 )","weights",1.4081585529089584,6.0782907220339422e-06,4.316482225534595e-06,4.3869972830315529e-06,5.8556706808821722e-06,3.6103548332065491e-06,0,22,9.9999999999999998e-13
14,8,"DenseLayer( 64,1 )","biases",0.00026442596307871014,2.410604131662033e-07,0.00091244461127058688,0.0011766909237676199,0.0027184882173355912,8.5375505899381443e-05,0,22,9.9999999999999998e-13
15,0,"Conv2DLayer(1,8,5, stride=5, padding=0)","all",1.3294615232794174,3.9194673084855895e-06,2.9481627988603762e-06,3.2046694848178576e-06,5.2933224289732352e-06,2.3736377244630751e-06,0,22,9.9999999999999998e-13
15,0,"Conv2DLayer(1,8,5, stride=5, padding=0)","weights",1.3294611663732145,3.8580397001022121e-06,2.9019586896154494e-06,3.1566580125556091e-06,5.2052738363743762e-06,2.2796525353557012e-06,0,22,9.9999999999999998e-13
15,0,"Conv2DLayer(1,8,5, stride=5, padding=0)","biases",0.00097415488071446498,6.8053029499048568e-07,0.00069890322503920002,0.00075488316596698237,0.0013127610294759516,0.00089842319738639214,0,22,9.9999999999999998e-13
15,4,"DenseLayer( 7202,128 )","all",15.862169295985547,0.00043693000729568389,2.754541311193961e-05,2.8220750097503442e-05,5.160520008185155e-05,5.160520008185155e-05,0,22,9.9999999999999998e-13
15,4,"DenseLayer( 7202,128 )","weights",15.862169051020222,0.00043690933783362644,2.7544110470996143e-05,2.8219350019555747e-05,5.1601250019483933e-05,5.1601250019483933e-05,0,22,9.9999999999999998e-13
15,4,"DenseLayer( 7202,128 )","biases",0.0027877149311317669,4.1953482891910132e-06,0.0015047601935484563,0.001599178717732156,0.0036267274006084476,0.0036267274006084476,0,22,9.9999999999999998e-13
15,6,"DenseLayer( 128,64 )","all",9.2541544300856557,5.5090388726823337e-05,5.9530442692041027e-06,6.0298151868877948e-06,8.5949677839751031e-06,8.5949677839751031e-06,0,22,9.9999999999999998e-13
15,6,"DenseLayer( 128,64 )","weights",9.2541540926838159,5.4997163457926165e-05,5.9429706019263077e-06,6.019425510182505e-06,8.5787911597606294e-06,8.5787911597606294e-06,0,22,9.9999999999999998e-13
15,6,"DenseLayer( 128,64 )","biases",0.0024989238420281587,3.1857802061110706e-06,0.0012755190357480429,0.0013115186088877642,0.0019398830785137646,0.0019398830785137646,0,22,9.9999999999999998e-13
15,8,"DenseLayer( 64,1 )","all",1.4081701090214818,4.3278208240745173e-06,3.0733657982170335e-06,3.1068027939659338e-06,4.0478084591898352e-06,4.0478084591898352e-06,0,22,9.9999999999999998e-13
15,8,"DenseLayer( 64,1 )","weights",1.4081700840479268,4.3250783850621385e-06,3.0714183349291674e-06,3.1049009043281249e-06,4.0455268753375704e-06,4.0455268753375704e-06,0,22,9.9999999999999998e-13
15,8,"DenseLayer( 64,1 )","biases",0.00026520498530854553,1.1472465385767547e-07,0.00043245082214157283,0.00057715702712584748,0.0015282851427564251,0.00071999743319546246,0,22,9.9999999999999998e-13
16,0,"Conv2DLayer(1,8,5, stride=5, padding=0)","all",1.3294630850064904,5.3214914385101598e-06,4.0027369393035504e-06,4.3080639007867922e-06,6.4255496860715944e-06,2.4279425004330529e-06,0,22,9.9999999999999998e-13
16,0,"Conv2DLayer(1,8,5, stride=5, padding=0)","weights",1.3294627272969319,5.2148142369362111e-06,3.9224972093416597e-06,4.2277974014903471e-06,6.3438471050628196e-06,2.3428663624178043e-06,0,22,9.9999999999999998e-13
16,0,"Conv2DLayer(1,8,5, stride=5, padding=0)","biases",0.00097525157569753186,1.0321471978669671e-06,0.0010580269315312453,0.0011278844756729227,0.0018013859982094422,0.00086358321416187748,0,22,9.9999999999999998e-13
16,4,"DenseLayer( 7202,128 )","all",15.862200573612686,0.00053154724290999219,3.3510310197480172e-05,3.4841875824609953e-05,5.5910293628375898e-05,3.2961315853487548e-05,0,22,9.9999999999999998e-13
16,4,"DenseLayer( 7202,128 )","weights",15.862200326527871,0.00053151524404195058,3.3508293415890941e-05,3.4839663468456813e-05,5.5906223697194093e-05,3.2959279635697994e-05,0,22,9.9999999999999998e-13
16,4,"DenseLayer( 7202,128 )","biases",0.0027997521005693263,5.7858619246125398e-06,0.0020670440052923565,0.0022258521961636035,0.0038302672907646424,0.0020728416760372103,0,22,9.9999999999999998e-13
16,6,"DenseLayer( 128,64 )","all",9.2541606925384343,5.8974844971784282e-05,6.3727923112548518e-06,6.4822364055888922e-06,9.5123660672613711e-06,5.1745543207013787e-06,0,22,9.9999999999999998e-13
16,6,"DenseLayer( 128,64 )","weights",9.2541603514666164,5.8882266844042451e-05,6.3627885995525028e-06,6.4720038263012567e-06,9.4950249475543201e-06,5.1699023809193806e-06,0,22,9.9999999999999998e-13
16,6,"DenseLayer( 128,64 )","biases",0.0025125010534547752,3.2891696936865467e-06,0.0013091002622682465,0.0013409559264731235,0.0021138981072404829,0.00080592777708032241,0,22,9.9999999999999998e-13
16,8,"DenseLayer( 64,1 )","all",1.4081734050672128,4.8693672727462295e-06,3.4579311331692987e-06,3.5321097980198424e-06,4.6534436566757664e-06,2.8669589770362246e-06,0,22,9.9999999999999998e-13
16,8,"DenseLayer( 64,1 )","weights",1.4081733802368399,4.8645059435968836e-06,3.4544789711586795e-06,3.5286832906896982e-06,4.6479644784001268e-06,2.8664900304448977e-06,0,22,9.9999999999999998e-13
16,8,"DenseLayer( 64,1 )","biases",0.0002644435603129254,1.8607666292651134e-07,0.00070396825469955021,0.00082893832706495952,0.0018565254126877611,0.00027728760338743998,0,22,9.9999999999999998e-13
17,0,"Conv2DLayer(1,8,5, stride=5, padding=0)","all",1.3294722719822833,5.6412082590285864e-06,4.2431987435297713e-06,5.0181991374235336e-06,1.0201803819478446e-05,7.8940521927364923e-06,0,22,9.9999999999999998e-13
17,0,"Conv2DLayer(1,8,5, stride=5, padding=0)","weights",1.3294719059419453,5.5198040286444183e-06,4.1518821956471432e-06,4.922046890947376e-06,1.0024299885461116e-05,7.7218253133127366e-06,0,22,9.9999999999999998e-13
17,0,"Conv2DLayer(1,8,5, stride=5, padding=0)","biases",0.00098654607871917531,1.1420533219508957e-06,0.0011590963435756199,0.0013203542521593803,0.0025631803444341773,0.0022230977170687996,0,22,9.9999999999999998e-13
17,4,"DenseLayer( 7202,128 )","all",15.862250088781945,0.00054880450795542659,3.4598151573792271e-05,3.5895530354395987e-05,5.41629692738439e-05,5.1633536848229755e-05,0,22,9.9999999999999998e-13
17,4,"DenseLayer( 7202,128 )","weights",15.862249838644212,0.00054877489669922467,3.4596285344089068e-05,3.5893496104342858e-05,5.4159685478454022e-05,5.1629840611022701e-05,0,22,9.9999999999999998e-13
17,4,"DenseLayer( 7202,128 )","biases",0.0028169937147147113,5.6340556007182296e-06,0.0019996489504497121,0.0021510109324994475,0.0034651084811357278,0.0034651084811357278,0,22,9.9999999999999998e-13
17,6,"DenseLayer( 128,64 )","all",9.2541824333522893,6.047790626972254e-05,6.5351974033025192e-06,6.7254203546606585e-06,1.0348836774568825e-05,1.0348836774568825e-05,0,22,9.9999999999999998e-13
17,6,"DenseLayer( 128,64 )","weights",9.2541820856733139,6.0382594168655546e-05,6.5248982937531805e-06,6.7147355107219496e-06,1.0329583332070783e-05,1.0329583332070783e-05,0,22,9.9999999999999998e-13
17,6,"DenseLayer( 128,64 )","biases",0.0025367121578330314,3.370845988886829e-06,0.0013286879894592555,0.0013819649132259337,0.0022922797314875389,0.0022922797314875389,0,22,9.9999999999999998e-13
17,8,"DenseLayer( 64,1 )","all",1.4081907708129302,5.2544475456499267e-06,3.7313460869344885e-06,3.915851143686535e-06,6.7416679687017279e-06,6.7416679687017279e-06,0,22,9.9999999999999998e-13
17,8,"DenseLayer( 64,1 )","weights",1.4081907457843093,5.2484863202206319e-06,3.7271128997020935e-06,3.9112113948239322e-06,6.7316943172853204e-06,6.7316943172853204e-06,0,22,9.9999999999999998e-13
17,8,"DenseLayer( 64,1 )","biases",0.00026549761506347835,2.2856693249195814e-07,0.00086062905770640293,0.0010097429089995856,0.0019293117239978011,0.0019293117239978011,0,22,9.9999999999999998e-13
18,0,"Conv2DLayer(1,8,5, stride=5, padding=0)","all",1.3294664220160968,5.8472642762770377e-06,4.3982048547858777e-06,4.9497866501002287e-06,9.2366301928204074e-06,3.0395448524062153e-06,0,22,9.9999999999999998e-13
18,0,"Conv2DLayer(1,8,5, stride=5, padding=0)","weights",1.3294660592341865,5.7300004199325241e-06,4.3100023164840079e-06,4.8603053558161018e-06,9.0962147075023968e-06,2.9198029660809598e-06,0,22,9.9999999999999998e-13
18,0,"Conv2DLayer(1,8,5, stride=5, padding=0)","biases",0.00098213469115163892,1.1362452744709164e-06,0.0011576400372815732,0.0012698828679634545,0.0022374954173271996,0.0011363892178421016,0,22,9.9999999999999998e-13
18,4,"DenseLayer( 7202,128 )","all",15.862261914638633,0.00070031579542511203,4.4149803176048138e-05,4.5314497695494985e-05,7.4072343219697324e-05,3.8243244096926672e-05,0,22,9.9999999999999998e-13
18,4,"DenseLayer( 7202,128 )","weights",15.86226166395382,0.0007002701213395323,4.4146924455848922e-05,4.5311400432270432e-05,7.4065840141347553e-05,3.8241011589787115e-05,0,22,9.9999999999999998e-13
18,4,"DenseLayer( 7202,128 )","biases",0.0028200775676317435,7.9357698471454803e-06,0.0028144374971010304,0.0029814212684128026,0.0055290676719944283,0.00232252144442672,0,22,9.9999999999999998e-13
18,6,"DenseLayer( 128,64 )","all",9.2541828628536038,8.1321522866396341e-05,8.7875421600814445e-06,8.9826889284134521e-06,1.4193704658075532e-05,7.7145992751931369e-06,0,22,9.9999999999999998e-13
18,6,"DenseLayer( 128,64 )","weights",9.254182510878028,8.1128535422842415e-05,8.7666884182092658e-06,8.9605113159734269e-06,1.4147745341413695e-05,7.6989821352309948e-06,0,22,9.9999999999999998e-13
18,6,"DenseLayer( 128,64 )","biases",0.0025523202139040558,5.5498017575445398e-06,0.0021739214951062478,0.0022856061195757689,0.0041268190796662748,0.0017608120360538305,0,22,9.9999999999999998e-13
18,8,"DenseLayer( 64,1 )","all",1.4081994279361842,7.0421799797315675e-06,5.000840102357661e-06,5.152196502767537e-06,8.5126052307939004e-06,4.1353590510355407e-06,0,22,9.9999999999999998e-13
18,8,"DenseLayer( 64,1 )","weights",1.4081994031331102,7.0135084074801893e-06,4.9804797464119392e-06,5.1284491791027168e-06,8.446790365037332e-06,4.1271961773134709e-06,0,22,9.9999999999999998e-13
18,8,"DenseLayer( 64,1 )","biases",0.00026429168329658836,5.7832882951267739e-07,0.0021848413585456522,0.002628742143595039,0.0056407091498792885,0.001361754107477792,0,22,9.9999999999999998e-13
19,0,"Conv2DLayer(1,8,5, stride=5, padding=0)","all",1.3294695457058605,5.3260798286156403e-06,4.006167102712426e-06,4.5321456607039922e-06,8.8624518160422322e-06,4.0505348355689493e-06,0,22,9.9999999999999998e-13
19,0,"Conv2DLayer(1,8,5, stride=5, padding=0)","weights",1.3294691802933485,5.1868722011118597e-06,3.9014590187170338e-06,4.4265791137510328e-06,8.7005914104882698e-06,4.0188533372761406e-06,0,22,9.9999999999999998e-13
19,0,"Conv2DLayer(1,8,5, stride=5, padding=0)","biases",0.00098569291832823467,1.1753660529546168e-06,0.0011921377662009605,0.0013113925263679219,0.0022752332047836087,0.00067629667060053371,0,22,9.9999999999999998e-13
19,4,"DenseLayer( 7202,128 )","all",15.86227689163732,0.00076575114894974117,4.8274983184818369e-05,4.9099042865366339e-05,6.5754542014081276e-05,5.1981747411207932e-05,0,22,9.9999999999999998e-13
19,4,"DenseLayer( 7202,128 )","weights",15.862276641394024,0.00076569578913739274,4.827149391682351e-05,4.9095423076328084e-05,6.5748845248874766e-05,5.1978723682833822e-05,0,22,9.9999999999999998e-13
19,4,"DenseLayer( 7202,128 )","biases",0.0028175974059904962,9.1609741875320084e-06,0.0032513272233542453,0.0033566873050462232,0.004870942927318057,0.0031586673965629752,0,22,9.9999999999999998e-13
19,6,"DenseLayer( 128,64 )","all",9.2541927589014907,8.2211007514445612e-05,8.8836496784559231e-06,9.086186834803131e-06,1.2780293840802774e-05,1.0337672535217698e-05,0,22,9.9999999999999998e-13
19,6,"DenseLayer( 128,64 )","weights",9.2541923989775867,8.201577550130989e-05,8.862553421726839e-06,9.0641860528734131e-06,1.2745149929683642e-05,1.0313876788297705e-05,0,22,9.9999999999999998e-13
19,6,"DenseLayer( 128,64 )","biases",0.002580983529671824,5.6362402034397886e-06,0.002184492664642716,0.0022672769043320671,0.003407587092364819,0.0024981666723033458,0,22,9.9999999999999998e-13
19,8,"DenseLayer( 64,1 )","all",1.4082159433076209,7.5735037337754979e-06,5.3780867747964989e-06,5.5469013064797947e-06,8.1314775970856951e-06,6.1881832429090123e-06,0,22,9.9999999999999998e-13
19,8,"DenseLayer( 64,1 )","weights",1.4082159180847944,7.5472007951114551e-06,5.3594086661535584e-06,5.5268817653806424e-06,8.0963805728943638e-06,6.1573600934554527e-06,0,22,9.9999999999999998e-13
19,8,"DenseLayer( 64,1 )","biases",0.00026652237680867654,5.8361382054334332e-07,0.0021882753784035927,0.0024851976423268143,0.0039856379072628631,0.00323072400343075,0,22,9.9999999999999998e-13
20,0,"Conv2DLayer(1,8,5, stride=5, padding=0)","all",1.3294730951917737,4.5411498231360051e-06,3.4157516880676818e-06,3.8913636649851773e-06,7.9831758568820888e-06,1.0411382169107449e-06,0,22,9.9999999999999998e-13
20,0,"Conv2DLayer(1,8,5, stride=5, padding=0)","weights",1.329472725248515,4.4508025513292064e-06,3.3477954203021081e-06,3.8204744677670611e-06,7.8276660066428304e-06,9.8299291048905381e-07,0,22,9.9999999999999998e-13
20,0,"Conv2DLayer(1,8,5, stride=5, padding=0)","biases",0.00099179272877189723,8.813825712625794e-07,0.00088847079958902599,0.00099071851032646514,0.0021004956690562925,0.00046076045497110452,0,22,9.9999999999999998e-13
20,4,"DenseLayer( 7202,128 )","all",15.862315532752454,0.00063518890218166972,4.004389608994689e-05,4.0743694442046144e-05,5.8778298782948902e-05,3.0039692611951703e-05,0,22,9.9999999999999998e-13
20,4,"DenseLayer( 7202,128 )","weights",15.862315282168181,0.00063514839899297103,4.0041343300363517e-05,4.0741033846335946e-05,5.8774160486405581e-05,3.0038150978780323e-05,0,22,9.9999999999999998e-13
20,4,"DenseLayer( 7202,128 )","biases",0.002819514056981701,7.1426509481300159e-06,0.0025329385358432888,0.0026190974013255799,0.0040485349072349099,0.0017094409773144835,0,22,9.9999999999999998e-13
20,6,"DenseLayer( 128,64 )","all",9.2542009832208834,7.0216304649672358e-05,7.5875059069170824e-06,7.7654227140559239e-06,1.2588875745372767e-05,4.9464192546024153e-06,0,22,9.9999999999999998e-13
20,6,"DenseLayer( 128,64 )","weights",9.254200620126996,7.0079132526490424e-05,7.5726835172905448e-06,7.7498543223624261e-06,1.2555356813660625e-05,4.9374958949255219e-06,0,22,9.9999999999999998e-13
20,6,"DenseLayer( 128,64 )","biases",0.0025923486020905271,4.3678160269751181e-06,0.0016845130039451282,0.001753740256969466,0.0032744688616307667,0.0010586395390692583,0,22,9.9999999999999998e-13
20,8,"DenseLayer( 64,1 )","all",1.4082219009134143,6.5747917070372557e-06,4.6688605212785626e-06,4.8495497598894732e-06,7.687598686230285e-06,2.7145124478579719e-06,0,22,9.9999999999999998e-13
20,8,"DenseLayer( 64,1 )","weights",1.4082218759935157,6.5590663506462511e-06,4.6576937921456378e-06,4.8373083770610394e-06,7.6389009460956178e-06,2.7074208151780327e-06,0,22,9.9999999999999998e-13
20,8,"DenseLayer( 64,1 )","biases",0.00026492155104113573,4.1345298417251219e-07,0.001558687322401155,0.0018248112266453515,0.0045392807082850293,0.0010532285595889479,0,22,9.9999999999999998e-13
21,0,"Conv2DLayer(1,8,5, stride=5, padding=0)","all",1.3294739922136123,5.7145333675844033e-06,4.2983427800213441e-06,5.0294257690831535e-06,8.782655091115219e-06,5.1678702006028414e-06,0,22,9.9999999999999998e-13
21,0,"Conv2DLayer(1,8,5, stride=5, padding=0)","weights",1.3294736194999539,5.6080998803800503e-06,4.2182871165869576e-06,4.9396048431647072e-06,8.6270296648815425e-06,5.073639939061571e-06,0,22,9.9999999999999998e-13
21,0,"Conv2DLayer(1,8,5, stride=5, padding=0)","biases",0.0009954868812610579,1.0783797529868573e-06,0.0010833578477991782,0.0012636262510619682,0.002307358068012931,0.0013009653555370734,0,22,9.9999999999999998e-13
21,4,"DenseLayer( 7202,128 )","all",15.862343142674911,0.0005724139550416776,3.6086346761829388e-05,3.7291186740336714e-05,5.7893376113001844e-05,3.7355078631869967e-05,0,22,9.9999999999999998e-13
21,4,"DenseLayer( 7202,128 )","weights",15.862342890577528,0.00057237815666670165,3.6084090519760757e-05,3.7288768772684543e-05,5.7888789581675987e-05,3.7353227745790664e-05,0,22,9.9999999999999998e-13
21,4,"DenseLayer( 7202,128 )","biases",0.002828021515525336,6.3616464053617592e-06,0.002249568922226886,0.0023823735155799469,0.0040910265533142748,0.0020823619679279501,0,22,9.9999999999999998e-13
21,6,"DenseLayer( 128,64 )","all",9.2542112394948806,6.4744256679827026e-05,6.9961945156199321e-06,7.1981438700034473e-06,1.0502128102767674e-05,6.7207073084650606e-06,0,22,9.9999999999999998e-13
21,6,"DenseLayer( 128,64 )","weights",9.2542108701978023,6.4596302130085574e-05,6.9802069841769414e-06,7.1812416229646422e-06,1.0469716669376217e-05,6.7108887895753534e-06,0,22,9.9999999999999998e-13
21,6,"DenseLayer( 128,64 )","biases",0.002614390421807227,4.3429373282721689e-06,0.0016621279478824533,0.0017471217031978085,0.0029313802362266723,0.0012773634831534384,0,22,9.9999999999999998e-13
21,8,"DenseLayer( 64,1 )","all",1.4082341511493477,5.52490982617461e-06,3.9232900298229454e-06,4.0732956370277342e-06,6.2313881322144424e-06,3.5513119135749004e-06,0,22,9.9999999999999998e-13
21,8,"DenseLayer( 64,1 )","weights",1.4082341261354923,5.5065830836605447e-06,3.9102760826712151e-06,4.0577156913532309e-06,6.182311271727326e-06,3.5499793906479149e-06,0,22,9.9999999999999998e-13
21,8,"DenseLayer( 64,1 )","biases",0.00026542297432156789,3.8964208215475082e-07,0.0014702522290731732,0.0018934381538102036,0.0041630520450399305,0.00051546628837332773,0,22,9.9999999999999998e-13
22,0,"Conv2DLayer(1,8,5, stride=5, padding=0)","all",1.3294783710705504,6.0082331929885176e-06,4.5192397257706948e-06,4.9622705529748898e-06,9.5533781054873781e-06,2.5688519257792852e-06,0,22,9.9999999999999998e-13
22,0,"Conv2DLayer(1,8,5, stride=5, padding=0)","weights",1.3294779929574474,5.8991655131875076e-06,4.4372030716955812e-06,4.8721741908155651e-06,9.3404012993955798e-06,2.5397003503311079e-06,0,22,9.9999999999999998e-13
22,0,"Conv2DLayer(1,8,5, stride=5, padding=0)","biases",0.0010026865352688325,1.1089546572286589e-06,0.0011056971936506054,0.0012473862001159237,0.0026560182401543725,0.00051358876587518656,0,22,9.9999999999999998e-13
22,4,"DenseLayer( 7202,128 )","all",15.862385380422227,0.00056404519815912908,3.5558660949708498e-05,3.6065801060151752e-05,4.6158506814284463e-05,3.4453504239590095e-05,0,22,9.9999999999999998e-13
22,4,"DenseLayer( 7202,128 )","weights",15.862385125142978,0.00056401385166741783,3.555668536951913e-05,3.6063753007039376e-05,4.6155680530725557e-05,3.4451834248810203e-05,0,22,9.9999999999999998e-13
22,4,"DenseLayer( 7202,128 )","biases",0.002845812951205362,5.9186243072308933e-06,0.0020799291729515393,0.0021428954802196029,0.0029716351816525856,0.0018886217355659801,0,22,9.9999999999999998e-13
22,6,"DenseLayer( 128,64 )","all",9.2542267670012279,7.1374090394752703e-05,7.7125933133680878e-06,7.818351560014951e-06,1.0259074057668278e-05,5.9098512718768298e-06,0,22,9.9999999999999998e-13
22,6,"DenseLayer( 128,64 )","weights",9.254226386451565,7.1204739672919192e-05,7.6942938060359827e-06,7.7996447458699772e-06,1.0232078191768188e-05,5.9017339276962498e-06,0,22,9.9999999999999998e-13
22,6,"DenseLayer( 128,64 )","biases",0.0026539018309276142,4.8383092436413247e-06,0.001823000381386644,0.0018844172455844254,0.0025793235403657206,0.0010767703125969834,0,22,9.9999999999999998e-13
22,8,"DenseLayer( 64,1 )","all",1.4082543533980507,6.2352793804186795e-06,4.4276645319311901e-06,4.5507239959378072e-06,6.3159998177844065e-06,2.50379760940685e-06,0,22,9.9999999999999998e-13
22,8,"DenseLayer( 64,1 )","weights",1.4082543281322797,6.2241574927176436e-06,4.4197669844757353e-06,4.5418871444703087e-06,6.2824017114857405e-06,2.5014340340225034e-06,0,22,9.9999999999999998e-13
22,8,"DenseLayer( 64,1 )","biases",0.00026675817868883974,3.2238180706785485e-07,0.0012067916286556389,0.0014925135815285582,0.0034172560739580142,0.00057836149956400356,0,22,9.9999999999999998e-13
23,0,"Conv2DLayer(1,8,5, stride=5, padding=0)","all",1.329476403350752,4.7746221462016418e-06,3.5913563373263859e-06,3.9647928091806105e-06,7.4971691289868372e-06,4.400855007877585e-06,0,22,9.9999999999999998e-13
23,0,"Conv2DLayer(1,8,5, stride=5, padding=0)","weights",1.3294760237085088,4.6894130628259906e-06,3.5272651133580528e-06,3.8944738875672575e-06,7.3710237276504396e-06,4.314952024193967e-06,0,22,9.9999999999999998e-13
23,0,"Conv2DLayer(1,8,5, stride=5, padding=0)","biases",0.0010047096745638634,8.8872331734654156e-07,0.00088516313113864292,0.00098487165156235833,0.0018219866152831307,0.0011431268544288033,0,22,9.9999999999999998e-13
23,4,"DenseLayer( 7202,128 )","all",15.862413340999524,0.00053143158398976113,3.35025699264521e-05,3.4017790339217326e-05,4.2157443474471335e-05,2.8702072959793007e-05,0,22,9.9999999999999998e-13
23,4,"DenseLayer( 7202,128 )","weights",15.862413085798265,0.00053140501118423755,3.3500895259714772e-05,3.4016067569599263e-05,4.2155091886057498e-05,2.8700674319232583e-05,0,22,9.9999999999999998e-13
23,4,"DenseLayer( 7202,128 )","biases",0.0028453828728473097,5.3023058214542145e-06,0.0018632267081191928,0.0019084337356315817,0.0024823642261070705,0.0015768234118208415,0,22,9.9999999999999998e-13
23,6,"DenseLayer( 128,64 )","all",9.2542342294453928,5.6108929704962808e-05,6.0630549620258382e-06,6.1374618089643407e-06,7.0783266486845946e-06,5.2963335393473888e-06,0,22,9.9999999999999998e-13
23,6,"DenseLayer( 128,64 )","weights",9.2542338448337134,5.6012097546408286e-05,6.0525916625637842e-06,6.1267194939571544e-06,7.0668898357601533e-06,5.2872769939960617e-06,0,22,9.9999999999999998e-13
23,6,"DenseLayer( 128,64 )","biases",0.0026680623923477165,3.2684795835552583e-06,0.0012249401685731655,0.0012587673785336851,0.0016029241238889702,0.0010712782154656951,0,22,9.9999999999999998e-13
23,8,"DenseLayer( 64,1 )","all",1.4082625914536098,4.5471287271393816e-06,3.2288921009264743e-06,3.2766074336117292e-06,4.0350423669043661e-06,2.5535272425457333e-06,0,22,9.9999999999999998e-13
23,8,"DenseLayer( 64,1 )","weights",1.4082625663824924,4.543439959880751e-06,3.2262727815169605e-06,3.2740183085483766e-06,4.0342712876116706e-06,2.5532496518781739e-06,0,22,9.9999999999999998e-13
23,8,"DenseLayer( 64,1 )","biases",0.00026573164822449059,1.5525702937421473e-07,0.00058439817793941198,0.00069042957058574066,0.0013877924347520095,0.00019929337264218275,0,22,9.9999999999999998e-13
24,0,"Conv2DLayer(1,8,5, stride=5, padding=0)","all",1.3294807873798773,7.6160576859869903e-06,5.7285950252008499e-06,6.1768198592389226e-06,1.1196839026026604e-05,4.2182366975533676e-06,0,22,9.9999999999999998e-13
24,0,"Conv2DLayer(1,8,5, stride=5, padding=0)","weights",1.3294804023819178,7.4793045457160473e-06,5.6257345983228345e-06,6.0658110713579007e-06,1.0973067418596111e-05,4.1654991960932408e-06,0,22,9.9999999999999998e-13
24,0,"Conv2DLayer(1,8,5, stride=5, padding=0)","biases",0.0010117555434914407,1.4287903116736888e-06,0.0014120892152640412,0.001531190435486586,0.0029115353168725658,0.00086336679028175124,0,22,9.9999999999999998e-13
24,4,"DenseLayer( 7202,128 )","all",15.86244605166136,0.00061002602157753658,3.8457243605777933e-05,3.917109851310068e-05,5.4746469447625596e-05,5.4746469447625596e-05,0,22,9.9999999999999998e-13
24,4,"DenseLayer( 7202,128 )","weights",15.862445794699347,0.00060999592952185077,3.8455347166201132e-05,3.9169146863433304e-05,5.4742877796247689e-05,5.4742877796247689e-05,0,22,9.9999999999999998e-13
24,4,"DenseLayer( 7202,128 )","biases",0.0028551860519908617,6.0267340983549331e-06,0.0021106101447759466,0.0021722080936044576,0.003476334166291656,0.003476334166291656,0,22,9.9999999999999998e-13
24,6,"DenseLayer( 128,64 )","all",9.2542494209007859,6.557122049625858e-05,7.0855247341819625e-06,7.2221165233698533e-06,1.0093075768344689e-05,1.0093075768344689e-05,0,22,9.9999999999999998e-13
24,6,"DenseLayer( 128,64 )","weights",9.2542490313268093,6.545266945029172e-05,7.072714589245141e-06,7.2088600621661513e-06,1.006707822176586e-05,1.006707822176586e-05,0,22,9.9999999999999998e-13
24,6,"DenseLayer( 128,64 )","biases",0.0026852145515242989,3.9014298073106102e-06,0.0014524623220631358,0.001506243111169559,0.0024822503324920184,0.0024822503324920184,0,22,9.9999999999999998e-13
24,8,"DenseLayer( 64,1 )","all",1.4082807862441356,5.4084967167108287e-06,3.840493852996276e-06,3.99774704936934e-06,6.0060934689241117e-06,5.8319960551976585e-06,0,22,9.9999999999999998e-13
24,8,"DenseLayer( 64,1 )","weights",1.4082807609887975,5.3990023366043482e-06,3.8337521143327113e-06,3.989730810008316e-06,6.0060345014591464e-06,5.7874314705487654e-06,0,22,9.9999999999999998e-13
24,8,"DenseLayer( 64,1 )","biases",0.00026670783567665654,2.4907587265426462e-07,0.00093328668602479293,0.0013342155621434537,0.0037851821099813905,0.0037851821099813905,0,22,9.9999999999999998e-13
25,0,"Conv2DLayer(1,8,5, stride=5, padding=0)","all",1.3294854307722019,5.3095535300389997e-06,3.9936906124568758e-06,4.5806901802627373e-06,9.6147401207413811e-06,5.1868598383399987e-06,0,22,9.9999999999999998e-13
25,0,"Conv2DLayer(1,8,5, stride=5, padding=0)","weights",1.3294850383055359,5.2168607307623267e-06,3.9239709090813519e-06,4.5057143830869006e-06,9.4652741328767803e-06,5.099904011423665e-06,0,22,9.9999999999999998e-13
25,0,"Conv2DLayer(1,8,5, stride=5, padding=0)","biases",0.0010215417833380582,9.6704633455913043e-07,0.00094704328152061905,0.0010747958192997506,0.0021978953384151271,0.001235356996986662,0,22,9.9999999999999998e-13
25,4,"DenseLayer( 7202,128 )","all",15.862507852101603,0.00064802312777770645,4.0852504358321486e-05,4.1485916229995601e-05,5.3531641552040184e-05,3.5542493053346157e-05,0,22,9.9999999999999998e-13
25,4,"DenseLayer( 7202,128 )","weights",15.862507591013051,0.00064797965597711109,4.0849764492474223e-05,4.1483086949453113e-05,5.3527187469534414e-05,3.5540550236151227e-05,0,22,9.9999999999999998e-13
25,4,"DenseLayer( 7202,128 )","biases",0.0028780223205536418,7.4788841305778945e-06,0.0025990966544377704,0.0026716827254920856,0.0038088558013918386,0.0020486685548064187,0,22,9.9999999999999998e-13
25,6,"DenseLayer( 128,64 )","all",9.2542741504190609,6.9150100522211188e-05,7.4722339092801963e-06,7.632137834734558e-06,9.8990238443166253e-06,6.1950769687299362e-06,0,22,9.9999999999999998e-13
25,6,"DenseLayer( 128,64 )","weights",9.2542737544727682,6.9011071997280486e-05,7.4572110590209191e-06,7.6161983514166425e-06,9.8738643512628525e-06,6.18440330001998e-06,0,22,9.9999999999999998e-13
25,6,"DenseLayer( 128,64 )","biases",0.0027070986884010027,4.3461730837755881e-06,0.0016051872472664813,0.0016848854644920159,0.0024098635764098473,0.0012446978636640603,0,22,9.9999999999999998e-13
25,8,"DenseLayer( 64,1 )","all",1.4082989193245341,6.4845277692762672e-06,4.6045141442521814e-06,4.8356222058497103e-06,7.5138103985012163e-06,3.2389061047709357e-06,0,22,9.9999999999999998e-13
25,8,"DenseLayer( 64,1 )","weights",1.4082988939225061,6.4732530747819878e-06,4.5965083234188923e-06,4.8271733962273603e-06,7.5010880811359593e-06,3.2388931066086658e-06,0,22,9.9999999999999998e-13
25,8,"DenseLayer( 64,1 )","biases",0.00026747958327177912,3.1640493861314928e-07,0.0011817140683600888,0.0015015887772129089,0.0030972999450175113,4.8788868419491734e-05,0,22,9.9999999999999998e-13
26,0,"Conv2DLayer(1,8,5, stride=5, padding=0)","all",1.3294878254789408,5.339234115296015e-06,4.0160112284936608e-06,4.6992775015331171e-06,8.6578445937870154e-06,2.1734880389355611e-06,0,22,9.9999999999999998e-13
26,0,"Conv2DLayer(1,8,5, stride=5, padding=0)","weights",1.3294874298578934,5.2216230593712071e-06,3.927548939090463e-06,4.6095724140856867e-06,8.522549451133611e-06,2.1212148313371604e-06,0,22,9.9999999999999998e-13
26,0,"Conv2DLayer(1,8,5, stride=5, padding=0)","biases",0.0010256397618310868,1.0932683196414245e-06,0.0010668009026682948,0.0011861588059206374,0.0020684077186637448,0.00061593016241034938,0,22,9.9999999999999998e-13
26,4,"DenseLayer( 7202,128 )","all",15.862539346133048,0.00060893457154704688,3.8388216075144789e-05,3.9389361953995468e-05,5.4276669067432825e-05,3.7341588158815759e-05,0,22,9.9999999999999998e-13
26,4,"DenseLayer( 7202,128 )","weights",15.862539085069141,0.00060889905724511196,3.8385977828034884e-05,3.9386975704764317e-05,5.4272480989710027e-05,3.7339523881985254e-05,0,22,9.9999999999999998e-13
26,4,"DenseLayer( 7202,128 )","biases",0.0028778932999068722,6.5281288592679826e-06,0.0022685391962076512,0.0023903686380735345,0.003719275558430421,0.0021638623725292643,0,22,9.9999999999999998e-13
26,6,"DenseLayer( 128,64 )","all",9.2542886376925164,6.5117823431314108e-05,7.0365026472126039e-06,7.2257388398994474e-06,1.0631868607875358e-05,6.1578299973094974e-06,0,22,9.9999999999999998e-13
26,6,"DenseLayer( 128,64 )","weights",9.2542882369929611,6.4986802722487714e-05,7.0223451130091218e-06,7.2102319621994921e-06,1.0593820332684823e-05,6.1463880790115194e-06,0,22,9.9999999999999998e-13
26,6,"DenseLayer( 128,64 )","biases",0.00272328550739018,4.0495982187049333e-06,0.0014880530181891837,0.0016094719920088461,0.0030525975510121719,0.0012768502173715647,0,22,9.9999999999999998e-13
26,8,"DenseLayer( 64,1 )","all",1.4083168988406582,5.6333695998161498e-06,4.0000735790501088e-06,4.1879517104385673e-06,6.6401512188281622e-06,4.0659214927342166e-06,0,22,9.9999999999999998e-13
26,8,"DenseLayer( 64,1 )","weights",1.4083168733760065,5.6181742686063842e-06,3.9892839513928928e-06,4.1756051260080744e-06,6.5907688229436898e-06,4.0521391609453873e-06,0,22,9.9999999999999998e-13
26,8,"DenseLayer( 64,1 )","biases",0.00026781000170475721,3.5465530924160371e-07,0.0013246533963416267,0.0016918008086316241,0.004256311014306533,0.0017656352147031402,0,22,9.9999999999999998e-13
27,0,"Conv2DLayer(1,8,5, stride=5, padding=0)","all",1.3294831149234712,1.0563699714378967e-05,7.9457144100866841e-06,9.1641340827108671e-06,1.6947309815697835e-05,1.3692735876636585e-05,0,22,9.9999999999999998e-13
27,0,"Conv2DLayer(1,8,5, stride=5, padding=0)","weights",1.3294827197304924,1.0414217064279471e-05,7.8332801516477021e-06,9.0392685864319285e-06,1.669140344371853e-05,1.3488716329852018e-05,0,22,9.9999999999999998e-13
27,0,"Conv2DLayer(1,8,5, stride=5, padding=0)","biases",0.0010250768197637887,1.7370241966729738e-06,0.0016919752838073436,0.0019499112408395522,0.0037871834098113463,0.0030183968464975548,0,22,9.9999999999999998e-13
27,4,"DenseLayer( 7202,128 )","all",15.86256832986518,0.00079828295177054745,5.0324944489975387e-05,5.1597617116408973e-05,7.0374923047267568e-05,7.0374923047267568e-05,0,22,9.9999999999999998e-13
27,4,"DenseLayer( 7202,128 )","weights",15.862568068238717,0.00079823515870424474,5.0321932374071729e-05,5.1594477149669515e-05,7.0370172364882897e-05,7.0370172364882897e-05,0,22,9.9999999999999998e-13
27,4,"DenseLayer( 7202,128 )","biases",0.0028809936433790086,8.719361764084559e-06,0.0030264743349379484,0.0031344652565327086,0.004504916235042471,0.004504916235042471,0,22,9.9999999999999998e-13
27,6,"DenseLayer( 128,64 )","all",9.2543015049897175,8.3731403050492411e-05,9.0478344872936581e-06,9.3534506804715883e-06,1.350588702887837e-05,1.3154823392280219e-05,0,22,9.9999999999999998e-13
27,6,"DenseLayer( 128,64 )","weights",9.2543011072979215,8.3549662642659991e-05,9.0281963989163737e-06,9.3328422663274956e-06,1.3476204337253907e-05,1.3130233458052081e-05,0,22,9.9999999999999998e-13
27,6,"DenseLayer( 128,64 )","biases",0.0027130600575777882,5.4870030939013551e-06,0.002022005963915878,0.0021160045832845642,0.0030468218619737974,0.0027349400308495407,0,22,9.9999999999999998e-13
27,8,"DenseLayer( 64,1 )","all",1.4083240040484273,7.8134721125668136e-06,5.5480575657441959e-06,5.8160565771667296e-06,8.987049120597669e-06,8.987049120597669e-06,0,22,9.9999999999999998e-13
27,8,"DenseLayer( 64,1 )","weights",1.4083239789799076,7.7944925491610579e-06,5.5345809374905118e-06,5.80312919861562e-06,8.9851279776963448e-06,8.9851279776963448e-06,0,22,9.9999999999999998e-13
27,8,"DenseLayer( 64,1 )","biases",0.00026572041943753987,4.9170656976374716e-07,0.001850928213270666,0.0020559925078360965,0.0040055735277051341,0.0009893955763498807,0,22,9.9999999999999998e-13
28,0,"Conv2DLayer(1,8,5, stride=5, padding=0)","all",1.3294979380288512,7.5093254722338695e-06,5.6482406535815613e-06,6.0811327167213271e-06,1.0440642703731796e-05,3.2549969350404341e-06,0,22,9.9999999999999998e-13
28,0,"Conv2DLayer(1,8,5, stride=5, padding=0)","weights",1.3294975302374923,7.3290626808501136e-06,5.5126552511572349e-06,5.9449032349569542e-06,1.0288416833672488e-05,3.1923943732338433e-06,0,22,9.9999999999999998e-13
28,0,"Conv2DLayer(1,8,5, stride=5, padding=0)","biases",0.0010412894953564537,1.6055446236232522e-06,0.0015413490459373614,0.001633632244479491,0.0023890880343619639,0.00081789228798325646,0,22,9.9999999999999998e-13
28,4,"DenseLayer( 7202,128 )","all",15.862640556007369,0.0008538068915614459,5.3825017474412068e-05,5.4333428244318245e-05,6.6384274078968132e-05,4.5995383912786574e-05,0,22,9.9999999999999998e-13
28,4,"DenseLayer( 7202,128 )","weights",15.862640290126006,0.00085374544007627516,5.3821144400707332e-05,5.4329483599283246e-05,6.6378592389064282e-05,4.5992742010710392e-05,0,22,9.9999999999999998e-13
28,4,"DenseLayer( 7202,128 )","biases",0.0029043097759073083,1.0228362854136265e-05,0.0035217068475659565,0.003576115949772629,0.0047233364752864238,0.0026902795202958258,0,22,9.9999999999999998e-13
28,6,"DenseLayer( 128,64 )","all",9.2543385644867815,0.00010236874875031061,1.1061703580619494e-05,1.1214373726889547e-05,1.4772916575616588e-05,8.405870044158709e-06,0,22,9.9999999999999998e-13
28,6,"DenseLayer( 128,64 )","weights",9.2543381558700908,0.00010211008214752469,1.1033753219930069e-05,1.1185445966228065e-05,1.4728427129343378e-05,8.3844951656925622e-06,0,22,9.9999999999999998e-13
28,6,"DenseLayer( 128,64 )","biases",0.002750049513221167,7.2449893049781531e-06,0.0026349104183893005,0.002709614495756981,0.0040071279308950226,0.00202574454094212,0,22,9.9999999999999998e-13
28,8,"DenseLayer( 64,1 )","all",1.4083639367388361,1.0004456738685694e-05,7.1036023713702858e-06,7.2437276961340051e-06,9.9012224841145807e-06,5.2019825783626678e-06,0,22,9.9999999999999998e-13
28,8,"DenseLayer( 64,1 )","weights",1.4083639112005657,9.9668979820553349e-06,7.0769341630337503e-06,7.2166866084595861e-06,9.8604411912918373e-06,5.1837511735812773e-06,0,22,9.9999999999999998e-13
28,8,"DenseLayer( 64,1 )","biases",0.00026819000777322799,7.8528749079189519e-07,0.0029292392778156604,0.0032879654160782499,0.0059162188938570648,0.0023208282459246908,0,22,9.9999999999999998e-13
29,0,"Conv2DLayer(1,8,5, stride=5, padding=0)","all",1.3294919001294812,7.8136862770907955e-06,5.8771913285954812e-06,6.6368866585004885e-06,1.2266617832006531e-05,7.1897380879409525e-06,0,22,9.9999999999999998e-13
29,0,"Conv2DLayer(1,8,5, stride=5, padding=0)","weights",1.3294914944894822,7.6557149254135088e-06,5.7583723610774948e-06,6.5092754677540979e-06,1.2042659341332525e-05,7.1453891234637182e-06,0,22,9.9999999999999998e-13
29,0,"Conv2DLayer(1,8,5, stride=5, padding=0)","biases",0.0010385285779583471,1.5292775505534888e-06,0.0014703429672130624,0.0016535505893828641,0.0029866301280383786,0.0010066223153341416,0,22,9.9999999999999998e-13
29,4,"DenseLayer( 7202,128 )","all",15.862660781593828,0.00076772002587476267,4.8397935195985408e-05,5.0782460310863634e-05,8.0580252307732125e-05,5.0925598739117792e-05,0,22,9.9999999999999998e-13
29,4,"DenseLayer( 7202,128 )","weights",15.862660517327553,0.00076767145914594331,4.8394874301044504e-05,5.0779065246786438e-05,8.0573823137891442e-05,5.0923062385712271e-05,0,22,9.9999999999999998e-13
29,4,"DenseLayer( 7202,128 )","biases",0.0028954987304834695,8.5797295887556334e-06,0.0029618270530535158,0.0032145117940022105,0.005564381274254751,0.0027852287955994789,0,22,9.9999999999999998e-13
29,6,"DenseLayer( 128,64 )","all",9.2543410831234869,8.0273657879958987e-05,8.6741624266472718e-06,8.8714597034962831e-06,1.2507060359941602e-05,8.8067673295077256e-06,0,22,9.9999999999999998e-13
29,6,"DenseLayer( 128,64 )","weights",9.254340676036545,8.0104115043169697e-05,8.6558424470863386e-06,8.8518912995102651e-06,1.2469953505123349e-05,8.7895515037270232e-06,0,22,9.9999999999999998e-13
29,6,"DenseLayer( 128,64 )","biases",0.0027449207096282664,5.1579825320801303e-06,0.0018795953456605327,0.0019868524438909885,0.0032558681170890441,0.0018447494747493264,0,22,9.9999999999999998e-13
29,8,"DenseLayer( 64,1 )","all",1.4083666581133181,7.6566832153113969e-06,5.4365690782989819e-06,5.7067056178878518e-06,8.7197011124062221e-06,4.1373412835758639e-06,0,22,9.9999999999999998e-13
29,8,"DenseLayer( 64,1 )","weights",1.4083666329195275,7.6440259140963049e-06,5.4275819617935611e-06,5.696779847020929e-06,8.6989792198485095e-06,4.1153338325230972e-06,0,22,9.9999999999999998e-13
29,8,"DenseLayer( 64,1 )","biases",0.00026638822931669313,3.8904545363038778e-07,0.0014617874832638328,0.0017819271330534847,0.0034697432785323651,0.002245548673135853,0,22,9.9999999999999998e-13
30,0,"Conv2DLayer(1,8,5, stride=5, padding=0)","all",1.329493166737483,5.4077392369140827e-06,4.0675119640762849e-06,5.0528487258029819e-06,1.1132813439236267e-05,1.9746323921803912e-06,0,22,9.9999999999999998e-13
30,0,"Conv2DLayer(1,8,5, stride=5, padding=0)","weights",1.3294927564792445,5.2986827045974747e-06,3.9854845885532571e-06,4.9775851482180503e-06,1.1009136657435455e-05,1.8842382719585894e-06,0,22,9.9999999999999998e-13
30,0,"Conv2DLayer(1,8,5, stride=5, padding=0)","biases",0.0010444414389292128,1.0167483663831726e-06,0.00097204929157929218,0.0011030946767648291,0.0020940571523479926,0.00075336353876498754,0,22,9.9999999999999998e-13
30,4,"DenseLayer( 7202,128 )","all",15.862718324879348,0.00066048349973671318,4.1637480732220065e-05,4.3679225262050176e-05,6.3396536619278324e-05,2.3209037105742714e-05,0,22,9.9999999999999998e-13
30,4,"DenseLayer( 7202,128 )","weights",15.862718058009978,0.00066044159762865707,4.1634839885115199e-05,4.367629177617306e-05,6.3392447273625288e-05,2.3207850956169749e-05,0,22,9.9999999999999998e-13
30,4,"DenseLayer( 7202,128 )","biases",0.0029097307353729927,7.3600880821391275e-06,0.0025297930006969276,0.0027605261056399552,0.0043849481241008872,0.0012776028818891282,0,22,9.9999999999999998e-13
30,6,"DenseLayer( 128,64 )","all",9.2543635028436686,7.6087302238561969e-05,8.2217764230609808e-06,8.7812906511336637e-06,1.3324675648967196e-05,4.4655672781722943e-06,0,22,9.9999999999999998e-13
30,6,"DenseLayer( 128,64 )","weights",9.2543630920947528,7.591247497644213e-05,8.2028854529516407e-06,8.7598078987277369e-06,1.3283244920235712e-05,4.4563958164391454e-06,0,22,9.9999999999999998e-13
30,6,"DenseLayer( 128,64 )","biases",0.002757244039248805,5.1064325643109406e-06,0.0018506417608295678,0.0020579214716277498,0.0035179445700657024,0.00096014727609851315,0,22,9.9999999999999998e-13
30,8,"DenseLayer( 64,1 )","all",1.4083873162107721,7.3720406001841354e-06,5.2343909008614018e-06,5.770333578589513e-06,9.7179883935532689e-06,2.7005429493004283e-06,0,22,9.9999999999999998e-13
30,8,"DenseLayer( 64,1 )","weights",1.4083872910953426,7.3445698563440985e-06,5.2148858751703997e-06,5.7479432121445014e-06,9.6855400401430006e-06,2.694400891826987e-06,0,22,9.9999999999999998e-13
30,8,"DenseLayer( 64,1 )","biases",0.00026596544458615511,6.0092266225679358e-07,0.002252891380461728,0.0026784014622734651,0.00511585279037482,0.00096554900542095102,0,22,9.9999999999999998e-13
31,0,"Conv2DLayer(1,8,5, stride=5, padding=0)","all",1.3294945256724329,7.9812542136881219e-06,6.0032233313228809e-06,6.856593070949663e-06,1.1858946550780199e-05,2.8946051709644441e-06,0,22,9.9999999999999998e-13
31,0,"Conv2DLayer(1,8,5, stride=5, padding=0)","weights",1.3294941113692651,7.801163932240177e-06,5.8677675009684757e-06,6.7139705892273525e-06,1.1606385664616406e-05,2.7804328496515171e-06,0,22,9.9999999999999998e-13
31,0,"Conv2DLayer(1,8,5, stride=5, padding=0)","biases",0.0010495747239244394,1.6656439883529206e-06,0.0015868484936706244,0.0017620731472372878,0.0030867665076737215,0.0010228206402193975,0,22,9.9999999999999998e-13
31,4,"DenseLayer( 7202,128 )","all",15.862753072698405,0.00063937107543287535,4.0306435594555384e-05,4.1751167517304438e-05,6.7364662593086451e-05,6.7364662593086451e-05,0,22,9.9999999999999998e-13
31,4,"DenseLayer( 7202,128 )","weights",15.862752804149062,0.00063933621676849281,4.0304238760326626e-05,4.1748841848362391e-05,6.7359985464763195e-05,6.7359985464763195e-05,0,22,9.9999999999999998e-13
31,4,"DenseLayer( 7202,128 )","biases",0.0029188799041659592,6.6469902633175992e-06,0.0022772136320150225,0.0023951776964570392,0.0043155853678057783,0.0043155853678057783,0,22,9.9999999999999998e-13
31,6,"DenseLayer( 128,64 )","all",9.2543890973180893,7.3232163958102106e-05,7.9132356718790493e-06,8.2053934739580533e-06,1.3015048513629268e-05,1.3015048513629268e-05,0,22,9.9999999999999998e-13
31,6,"DenseLayer( 128,64 )","weights",9.2543886863245319,7.3074047108973811e-05,7.8961504171593192e-06,8.1871844989361972e-06,1.2977595680723678e-05,1.2977595680723678e-05,0,22,9.9999999999999998e-13
31,6,"DenseLayer( 128,64 )","biases",0.0027580629600066956,4.7863768445420535e-06,0.001735244950178468,0.0018332191661847885,0.0033235467900470236,0.0033235467900470236,0,22,9.9999999999999998e-13
31,8,"DenseLayer( 64,1 )","all",1.4084089390172785,6.0284416571338375e-06,4.2803210443263601e-06,4.5230834419364783e-06,7.620637723079052e-06,7.620637723079052e-06,0,22,9.9999999999999998e-13
31,8,"DenseLayer( 64,1 )","weights",1.4084089136537254,6.0141236369462683e-06,4.2701550343672103e-06,4.5115094482304212e-06,7.5710713030621688e-06,7.5710713030621688e-06,0,22,9.9999999999999998e-13
31,8,"DenseLayer( 64,1 )","biases",0.00026728991096288979,3.7183979822492058e-07,0.0013908679849089951,0.0017035837875084598,0.0045741328013674141,0.0045741328013674141,0,22,9.9999999999999998e-13
32,0,"Conv2DLayer(1,8,5, stride=5, padding=0)","all",1.3294935594663986,5.8617503380812775e-06,4.4090130704386714e-06,4.8433125849719023e-06,8.3727175024366494e-06,2.4393855272914615e-06,0,22,9.9999999999999998e-13
32,0,"Conv2DLayer(1,8,5, stride=5, padding=0)","weights",1.3294931420102707,5.694222182189e-06,4.2830052915385251e-06,4.712080471827393e-06,8.1702568120965075e-06,2.4068954697387256e-06,0,22,9.9999999999999998e-13
32,0,"Conv2DLayer(1,8,5, stride=5, padding=0)","biases",0.0010535475849420127,1.3787839879214004e-06,0.0013103020412800477,0.0014157566410135849,0.0023291844004031553,0.00049619620357460885,0,22,9.9999999999999998e-13
32,4,"DenseLayer( 7202,128 )","all",15.862801737160977,0.00064769309545915422,4.0830953769833552e-05,4.2594623223495305e-05,7.5874893083967726e-05,3.0798184182636365e-05,0,22,9.9999999999999998e-13
32,4,"DenseLayer( 7202,128 )","weights",15.862801468831011,0.00064765769259078024,4.0828722642315937e-05,4.2592188337478711e-05,7.5869373574718213e-05,3.0796979192490771e-05,0,22,9.9999999999999998e-13
32,4,"DenseLayer( 7202,128 )","biases",0.0029176919934487911,6.7238636591365719e-06,0.0023048721700288741,0.002477157448751616,0.0049775772400555418,0.0014795250502091855,0,22,9.9999999999999998e-13
32,6,"DenseLayer( 128,64 )","all",9.2544114471170555,7.6265319563615318e-05,8.2409717334258765e-06,8.5413685408288784e-06,1.4892769943902335e-05,5.3128668306746454e-06,0,22,9.9999999999999998e-13
32,6,"DenseLayer( 128,64 )","weights",9.2544110373672801,7.610577516334835e-05,8.2237322679724489e-06,8.5225779460719976e-06,1.4849557357149133e-05,5.3025785902432512e-06,0,22,9.9999999999999998e-13
32,6,"DenseLayer( 128,64 )","biases",0.0027538724477428403,4.8941208884051162e-06,0.0017789871764224384,0.0019065885508829507,0.0038227247132104044,0.0011033166287879898,0,22,9.9999999999999998e-13
32,8,"DenseLayer( 64,1 )","all",1.4084208893632413,7.0233198896849581e-06,4.9866691310731353e-06,5.152737600853671e-06,8.9042988777316608e-06,2.9890123347128436e-06,0,22,9.9999999999999998e-13
32,8,"DenseLayer( 64,1 )","weights",1.4084208645687046,7.0062946069567401e-06,4.9745809428298122e-06,5.1378756288635192e-06,8.8452443574586255e-06,2.9853021365220071e-06,0,22,9.9999999999999998e-13
32,8,"DenseLayer( 64,1 )","biases",0.00026427378576375884,3.9718658874996682e-07,0.0015038409037307788,0.0020845180594469825,0.0054215413941716105,0.00078985174795123637,0,22,9.9999999999999998e-13
33,0,"Conv2DLayer(1,8,5, stride=5, padding=0)","all",1.3294971491782139,6.2870509375331451e-06,4.7288953576499129e-06,5.4042691046996346e-06,9.8033571319191108e-06,5.5502101734154021e-06,0,22,9.9999999999999998e-13
33,0,"Conv2DLayer(1,8,5, stride=5, padding=0)","weights",1.3294967273578386,6.1340701477378933e-06,4.6138301889392744e-06,5.2950468665648453e-06,9.6462676361731456e-06,5.4536585049248696e-06,0,22,9.9999999999999998e-13
33,0,"Conv2DLayer(1,8,5, stride=5, padding=0)","biases",0.0010590604495792229,1.318145865991894e-06,0.001245037779333823,0.0013578090274861639,0.0024298374574996447,0.0012945837672213596,0,22,9.9999999999999998e-13
33,4,"DenseLayer( 7202,128 )","all",15.862838443834084,0.00067991303281827726,4.2862003073369071e-05,4.3510168266556222e-05,5.5893952327452291e-05,5.1208053230335844e-05,0,22,9.9999999999999998e-13
33,4,"DenseLayer( 7202,128 )","weights",15.862838174067457,0.00067987261502825097,4.2859455847849611e-05,4.3507520105811001e-05,5.5889282456510451e-05,5.1204732812404867e-05,0,22,9.9999999999999998e-13
33,4,"DenseLayer( 7202,128 )","biases",0.0029254949776930015,7.366543158502984e-06,0.0025178775448508519,0.0026028945016243112,0.0039144283583287835,0.0031619875512625063,0,22,9.9999999999999998e-13
33,6,"DenseLayer( 128,64 )","all",9.2544372882965984,7.7790639477879502e-05,8.4057664660317393e-06,8.5553650141583407e-06,1.1883612071612038e-05,9.6086398602410774e-06,0,22,9.9999999999999998e-13
33,6,"DenseLayer( 128,64 )","weights",9.2544368736822218,7.7613022981992005e-05,8.3865742647247918e-06,8.5354247080948041e-06,1.1847783466069905e-05,9.5891515446578016e-06,0,22,9.9999999999999998e-13
33,6,"DenseLayer( 128,64 )","biases",0.0027702025580071941,5.2278182989373413e-06,0.0018873664383476936,0.0019506436299176007,0.0030854550287557278,0.002043918955643439,0,22,9.9999999999999998e-13
33,8,"DenseLayer( 64,1 )","all",1.4084458058285549,6.8822585509868628e-06,4.8864194115962626e-06,5.0334421218369479e-06,6.8963945857047059e-06,6.6917131370142474e-06,0,22,9.9999999999999998e-13
33,8,"DenseLayer( 64,1 )","weights",1.4084457807593977,6.8592452264647804e-06,4.8700799760986323e-06,5.0158166906067302e-06,6.8547173803829365e-06,6.6845969062708141e-06,0,22,9.9999999999999998e-13
33,8,"DenseLayer( 64,1 )","biases",0.00026573583653027362,5.2011852279644122e-07,0.0019562145131382419,0.0022274436927623483,0.0041203558040234971,0.0016431610231772535,0,22,9.9999999999999998e-13
34,0,"Conv2DLayer(1,8,5, stride=5, padding=0)","all",1.3295003684955939,4.5832769951814754e-06,3.4473676325627887e-06,3.8923974422654288e-06,8.2567747332837671e-06,3.3882951094044978e-06,0,22,9.9999999999999998e-13
34,0,"Conv2DLayer(1,8,5, stride=5, padding=0)","weights",1.3294999423538398,4.4816652686656997e-06,3.3709402235878668e-06,3.8126243477843928e-06,8.1128356946025536e-06,3.3175151419055898e-06,0,22,9.9999999999999998e-13
34,0,"Conv2DLayer(1,8,5, stride=5, padding=0)","biases",0.001064468316934537,9.3247915709151784e-07,0.00087586060852616057,0.0009789146516733327,0.0020826264853568183,0.00085532928697653753,0,22,9.9999999999999998e-13
34,4,"DenseLayer( 7202,128 )","all",15.862881273757612,0.00057602212779732734,3.6312578899410126e-05,3.6933504762286466e-05,5.355100173745039e-05,3.5142582255105164e-05,0,22,9.9999999999999998e-13
34,4,"DenseLayer( 7202,128 )","weights",15.862881003357556,0.00057599329690355124,3.6310762011606331e-05,3.6931591427790716e-05,5.3547737599064028e-05,3.5141253389653621e-05,0,22,9.9999999999999998e-13
34,4,"DenseLayer( 7202,128 )","biases",0.0029289321612249895,5.7230743931481571e-06,0.0019541689823949862,0.0020367758972585979,0.0032182635215706021,0.0016527003392646886,0,22,9.9999999999999998e-13
34,6,"DenseLayer( 128,64 )","all",9.2544630811534745,6.625605165270552e-05,7.1593621876183956e-06,7.271660205998871e-06,1.0608843127888877e-05,7.6782241522192672e-06,0,22,9.9999999999999998e-13
34,6,"DenseLayer( 128,64 )","weights",9.2544626635878657,6.6132081952951529e-05,7.1459668446666542e-06,7.2576585814569992e-06,1.0586452226127127e-05,7.6616308861581919e-06,0,22,9.9999999999999998e-13
34,6,"DenseLayer( 128,64 )","biases",0.002780040844476782,4.0069043449311825e-06,0.0014412804753151447,0.0015013184160706744,0.002414644723059097,0.0016700384548599305,0,22,9.9999999999999998e-13
34,8,"DenseLayer( 64,1 )","all",1.4084687695824369,5.4847324111291566e-06,3.8941111607022813e-06,4.0475718912914147e-06,7.0194812694416828e-06,4.5321580752557074e-06,0,22,9.9999999999999998e-13
34,8,"DenseLayer( 64,1 )","weights",1.4084687445581761,5.4683337487387057e-06,3.8824683496711956e-06,4.0357085891889103e-06,7.0103590575389585e-06,4.5268983122793418e-06,0,22,9.9999999999999998e-13
34,8,"DenseLayer( 64,1 )","biases",0.00026549687423870307,3.618545385754921e-07,0.0013613535024200847,0.0016401081691276374,0.0036053856817765688,0.001141951093274401,0,22,9.9999999999999998e-13
35,0,"Conv2DLayer(1,8,5, stride=5, padding=0)","all",1.3294983846710711,8.0955919553106576e-06,6.0892120393330129e-06,7.4531943662699767e-06,1.4563392386228884e-05,1.524520460254871e-06,0,22,9.9999999999999998e-13
35,0,"Conv2DLayer(1,8,5, stride=5, padding=0)","weights",1.3294979573660228,7.9526695196579771e-06,5.9817128907935663e-06,7.3508247881470099e-06,1.4386477782620729e-05,1.4720388553188658e-06,0,22,9.9999999999999998e-13
35,0,"Conv2DLayer(1,8,5, stride=5, padding=0)","biases",0.0010659237405191743,1.4202938452373316e-06,0.0013331814030923938,0.0015369856173386416,0.002833850564642804,0.0004935660180334715,0,22,9.9999999999999998e-13
35,4,"DenseLayer( 7202,128 )","all",15.862927856692778,0.00089573876591533092,5.6467429004175622e-05,5.9293786879220341e-05,8.2997413001404104e-05,3.1754260730536514e-05,0,22,9.9999999999999998e-13
35,4,"DenseLayer( 7202,128 )","weights",15.862927585677591,0.00089567740166951752,5.646356156277287e-05,5.9289585863798868e-05,8.2991690476515636e-05,3.1753114580885455e-05,0,22,9.9999999999999998e-13
35,4,"DenseLayer( 7202,128 )","biases",0.0029322634262931215,1.0440920708465708e-05,0.0035605968462732022,0.0038186048003785622,0.0055032815334143488,0.0014606947989104768,0,22,9.9999999999999998e-13
35,6,"DenseLayer( 128,64 )","all",9.2544824279170381,9.970357160995619e-05,1.07735439621478e-05,1.1261471361639163e-05,1.5676262352341962e-05,5.2309055813260297e-06,0,22,9.9999999999999998e-13
35,6,"DenseLayer( 128,64 )","weights",9.2544820062492459,9.9434271608071209e-05,1.0744445037896637e-05,1.1229934509066871e-05,1.5623221835367874e-05,5.2235567994938456e-06,0,22,9.9999999999999998e-13
35,6,"DenseLayer( 128,64 )","biases",0.0027936706218279436,7.2800377460106973e-06,0.002605777768389792,0.0027899143362789102,0.0042704164636896708,0.00091881601774723579,0,22,9.9999999999999998e-13
35,8,"DenseLayer( 64,1 )","all",1.4084880273535356,9.2969696565192635e-06,6.6006749929960414e-06,7.0048620719242042e-06,1.0665682597530957e-05,2.1124451912720784e-06,0,22,9.9999999999999998e-13
35,8,"DenseLayer( 64,1 )","weights",1.4084880024466586,9.245456194557628e-06,6.5641015078573295e-06,6.9631501438212846e-06,1.0589301720835595e-05,2.1056888950143412e-06,0,22,9.9999999999999998e-13
35,8,"DenseLayer( 64,1 )","biases",0.00026486915091729975,9.4879413319920947e-07,0.003580938146045892,0.0040567923746199185,0.0067367159266417597,0.00091065331740303071,0,22,9.9999999999999998e-13
36,0,"Conv2DLayer(1,8,5, stride=5, padding=0)","all",1.3294989688795738,4.2807823201935419e-06,3.2198459270082077e-06,3.4244435358117966e-06,5.5109447798563545e-06,2.2623768111845265e-06,0,22,9.9999999999999998e-13
36,0,"Conv2DLayer(1,8,5, stride=5, padding=0)","weights",1.3294985393089647,4.1536994885950419e-06,3.1242598985507051e-06,3.3336438889342935e-06,5.3282041160312693e-06,2.0922188610769862e-06,0,22,9.9999999999999998e-13
36,0,"Conv2DLayer(1,8,5, stride=5, padding=0)","biases",0.0010687485124918285,9.4752871338827991e-07,0.00088659486219437762,0.00097442714479638846,0.001771422515091258,0.00107369140120913,0,22,9.9999999999999998e-13
36,4,"DenseLayer( 7202,128 )","all",15.862972065119383,0.00064922478506139599,4.0927058853328728e-05,4.1955131496606356e-05,5.6693170777421631e-05,5.3073088017542377e-05,0,22,9.9999999999999998e-13
36,4,"DenseLayer( 7202,128 )","weights",15.86297179432281,0.00064918267527504334,4.0924404955648661e-05,4.1952304915314027e-05,5.6688541764897799e-05,5.3069156152709283e-05,0,22,9.9999999999999998e-13
36,4,"DenseLayer( 7202,128 )","biases",0.0029310872281024707,7.3239500453616276e-06,0.0024987655091933147,0.0026360091291558248,0.0039212557084433728,0.0034970225320506924,0,22,9.9999999999999998e-13
36,6,"DenseLayer( 128,64 )","all",9.2545076581005681,7.449032078476156e-05,8.0490847796820018e-06,8.3508285395516387e-06,1.1879259604231237e-05,1.0371186772411811e-05,0,22,9.9999999999999998e-13
36,6,"DenseLayer( 128,64 )","weights",9.2545072355068889,7.4301289944074167e-05,8.0286593342399492e-06,8.3285429419962079e-06,1.1846267024002879e-05,1.0337852747985771e-05,0,22,9.9999999999999998e-13
36,6,"DenseLayer( 128,64 )","biases",0.0027967374635721343,5.2417972838727336e-06,0.0018741523940547012,0.0020172009282927801,0.0029171969287232857,0.002756369198908331,0,22,9.9999999999999998e-13
36,8,"DenseLayer( 64,1 )","all",1.4085058352055126,6.6236884857837776e-06,4.7026339052816683e-06,4.9403840509627687e-06,7.0405655403242399e-06,5.7645417070037577e-06,0,22,9.9999999999999998e-13
36,8,"DenseLayer( 64,1 )","weights",1.408505810326691,6.5855871054607912e-06,4.6755830708112657e-06,4.9094885363464281e-06,6.9879188087815133e-06,5.709501327897802e-06,0,22,9.9999999999999998e-13
36,8,"DenseLayer( 64,1 )","biases",0.00026472310789606786,6.8241735623980115e-07,0.0025776451967235961,0.0029345832774099593,0.004644760900464698,0.0042434003870034116,0,22,9.9999999999999998e-13
37,0,"Conv2DLayer(1,8,5, stride=5, padding=0)","all",1.3294998847685886,5.5956483218328796e-06,4.2088375817748091e-06,5.1630379284994808e-06,1.0812396371606816e-05,1.8169942904974995e-06,0,22,9.9999999999999998e-13
37,0,"Conv2DLayer(1,8,5, stride=5, padding=0)","weights",1.3294994535409681,5.4642021200830467e-06,4.1099699953157723e-06,5.0794427212539645e-06,1.0657640555499967e-05,1.6874252622797933e-06,0,22,9.9999999999999998e-13
37,0,"Conv2DLayer(1,8,5, stride=5, padding=0)","biases",0.0010708048575940718,1.1233783188920278e-06,0.0010493402461225958,0.0011493198787173942,0.0022606866737209762,0.00083335679751007929,0,22,9.9999999999999998e-13
37,4,"DenseLayer( 7202,128 )","all",15.863010524541108,0.00071040064091897677,4.4783470456409074e-05,4.6013235857332167e-05,6.6228390157324461e-05,4.9412996210354925e-05,0,22,9.9999999999999998e-13
37,4,"DenseLayer( 7202,128 )","weights",15.863010252637961,0.00071036338873812534,4.4781122855938107e-05,4.6010723348150151e-05,6.6224215508407582e-05,4.9410707334997157e-05,0,22,9.9999999999999998e-13
37,4,"DenseLayer( 7202,128 )","biases",0.0029370735301767785,7.2293270241338517e-06,0.0024615067945421634,0.0025976698180474643,0.0040148611315788344,0.0025667741444614341,0,22,9.9999999999999998e-13
37,6,"DenseLayer( 128,64 )","all",9.2545359512022447,7.6893431028802491e-05,8.3087295573638304e-06,8.544724628408926e-06,1.2265182897749702e-05,8.5647887263550268e-06,0,22,9.9999999999999998e-13
37,6,"DenseLayer( 128,64 )","weights",9.2545355264053359,7.6750282124507752e-05,8.2932619598368555e-06,8.528029684213753e-06,1.2239747282438428e-05,8.5545738007589602e-06,0,22,9.9999999999999998e-13
37,6,"DenseLayer( 128,64 )","biases",0.0028040300972290888,4.6272170316814024e-06,0.0016507139557782053,0.0017632287230785657,0.0029899558433212799,0.0013786265317728265,0,22,9.9999999999999998e-13
37,8,"DenseLayer( 64,1 )","all",1.4085269177077335,6.2895634745156899e-06,4.4653521570475571e-06,4.67479771191422e-06,7.1791759401519664e-06,4.368846107311637e-06,0,22,9.9999999999999998e-13
37,8,"DenseLayer( 64,1 )","weights",1.4085268926153003,6.2674317464028244e-06,4.4496394986874626e-06,4.6561021482623667e-06,7.1469339440893167e-06,4.3673587208865073e-06,0,22,9.9999999999999998e-13
37,8,"DenseLayer( 64,1 )","biases",0.00026586434846235949,4.4968196148560807e-07,0.0016907203843340326,0.0022112629801856439,0.0045947889998478719,0.00060540060796837559,0,22,9.9999999999999998e-13
38,0,"Conv2DLayer(1,8,5, stride=5, padding=0)","all",1.3295027815769598,7.5165647279063674e-06,5.6536674340377582e-06,6.1529160957638844e-06,9.403495493160934e-06,4.8093130116817969e-06,0,22,9.9999999999999998e-13
38,0,"Conv2DLayer(1,8,5, stride=5, padding=0)","weights",1.3295023465868243,7.4067602698612086e-06,5.571078622713386e-06,6.0709199419149768e-06,9.2941792386176964e-06,4.748839854936362e-06,0,22,9.9999999999999998e-13
38,0,"Conv2DLayer(1,8,5, stride=5, padding=0)","biases",0.0010754701130976888,1.2600296264965524e-06,0.0011717233445598786,0.0012377621433623204,0.0017661870604156842,0.00094177965689853298,0,22,9.9999999999999998e-13
38,4,"DenseLayer( 7202,128 )","all",15.863070562796496,0.00073291087302918532,4.6202331170289545e-05,4.7553324179092137e-05,6.5919646249835699e-05,5.7871865888956858e-05,0,22,9.9999999999999998e-13
38,4,"DenseLayer( 7202,128 )","weights",15.863070290610407,0.00073286494708678406,4.6199436815010936e-05,4.7550236484464895e-05,6.5914571693730258e-05,5.7867352444350926e-05,0,22,9.9999999999999998e-13
38,4,"DenseLayer( 7202,128 )","biases",0.0029386050260888003,8.1633016739904008e-06,0.0027780929162300482,0.0029259326593878373,0.0044179237635904841,0.0038987841522306515,0,22,9.9999999999999998e-13
38,6,"DenseLayer( 128,64 )","all",9.2545630145536872,8.2988014620231186e-05,8.9672537554657222e-06,9.1534272026275384e-06,1.212842345362413e-05,1.0911897404306042e-05,0,22,9.9999999999999998e-13
38,6,"DenseLayer( 128,64 )","weights",9.2545625866280794,8.2792701310035913e-05,8.9461496294690548e-06,9.1311204824611655e-06,1.2088547767400786e-05,1.0878411421923554e-05,0,22,9.9999999999999998e-13
38,6,"DenseLayer( 128,64 )","biases",0.0028143364389919961,5.6435209419206696e-06,0.0020048694828152412,0.0020991884499239289,0.0032264159781780631,0.002801859990362116,0,22,9.9999999999999998e-13
38,8,"DenseLayer( 64,1 )","all",1.4085506638937544,7.5595298755727614e-06,5.3668852129499156e-06,5.5127341911635636e-06,7.1305025936477279e-06,6.9427708739078859e-06,0,22,9.9999999999999998e-13
38,8,"DenseLayer( 64,1 )","weights",1.4085506389310114,7.5240549275528586e-06,5.3416999419795213e-06,5.4855320215940533e-06,7.0644404559954708e-06,6.8958165086431151e-06,0,22,9.9999999999999998e-13
38,8,"DenseLayer( 64,1 )","biases",0.00026517391696953297,6.6407268274236808e-07,0.0025026950075262605,0.0029009176486587936,0.005131965772732768,0.0042417883509290773,0,22,9.9999999999999998e-13
39,0,"Conv2DLayer(1,8,5, stride=5, padding=0)","all",1.3295066621958755,5.5614046284096879e-06,4.1830595430483877e-06,4.4741666273832049e-06,7.2670682051749394e-06,3.8579469574947332e-06,0,22,9.9999999999999998e-13
39,0,"Conv2DLayer(1,8,5, stride=5, padding=0)","weights",1.3295062221892389,5.3939838696311651e-06,4.057133969719615e-06,4.3444482288519401e-06,7.0242293884614956e-06,3.7354856980880775e-06,0,22,9.9999999999999998e-13
39,0,"Conv2DLayer(1,8,5, stride=5, padding=0)","biases",0.0010816449941257679,1.327656205056047e-06,0.0012269836347427103,0.0013139672481903833,0.0022818423812776692,0.0011836069742855405,0,22,9.9999999999999998e-13
39,4,"DenseLayer( 7202,128 )","all",15.86312288058315,0.00075822829530231006,4.7798176331021242e-05,4.9851882628730026e-05,8.1561523725785152e-05,6.5368276624872302e-05,0,22,9.9999999999999998e-13
39,4,"DenseLayer( 7202,128 )","weights",15.8631226074595,0.00075817586833319651,4.7794872194516429e-05,4.9848390113119584e-05,8.15561448559641e-05,6.536493685019194e-05,0,22,9.9999999999999998e-13
39,4,"DenseLayer( 7202,128 )","biases",0.0029436669330931173,8.8729002388401309e-06,0.0030145767580056558,0.0031809042486081063,0.0050478111218867075,0.0035634283688150297,0,22,9.9999999999999998e-13
39,6,"DenseLayer( 128,64 )","all",9.2545983062917099,8.7531140835194431e-05,9.4581250057273913e-06,9.7859565918066301e-06,1.4991735491858156e-05,1.0828854694147608e-05,0,22,9.9999999999999998e-13
39,6,"DenseLayer( 128,64 )","weights",9.2545978776867717,8.730037618173204e-05,9.4331903041429691e-06,9.7596244222171026e-06,1.495662212923532e-05,1.0807033730858549e-05,0,22,9.9999999999999998e-13
39,6,"DenseLayer( 128,64 )","biases",0.0028165707360066502,6.3030168448014407e-06,0.0022380934879369053,0.0023576435168375536,0.0034834212646355223,0.0022591335314912941,0,22,9.9999999999999998e-13
39,8,"DenseLayer( 64,1 )","all",1.4085738690323,8.0300525643501345e-06,5.7008413398914368e-06,5.9384717269843041e-06,8.8827948142996836e-06,6.306590065550583e-06,0,22,9.9999999999999998e-13
39,8,"DenseLayer( 64,1 )","weights",1.4085738441319058,7.9885857390779652e-06,5.6714025403244559e-06,5.9060904784623119e-06,8.8409788388558322e-06,6.2911447983026956e-06,0,22,9.9999999999999998e-13
39,8,"DenseLayer( 64,1 )","biases",0.00026484511247624391,7.9089130105620076e-07,0.0029872438026174526,0.0032946519939298677,0.0051885154801702285,0.0023537336815772848,0,22,9.9999999999999998e-13
40,0,"Conv2DLayer(1,8,5, stride=5, padding=0)","all",1.3295010909230931,8.1484944231323055e-06,6.1289827348475432e-06,6.9361987762770708e-06,1.1297935279070093e-05,7.2988728944164105e-06,0,22,9.9999999999999998e-13
40,0,"Conv2DLayer(1,8,5, stride=5, padding=0)","weights",1.329500653142601,7.9970365949715851e-06,6.0150639256412816e-06,6.826474164986594e-06,1.1122790438210629e-05,7.0934170662122186e-06,0,22,9.9999999999999998e-13
40,0,"Conv2DLayer(1,8,5, stride=5, padding=0)","biases",0.0010789058345272425,1.5086952749429991e-06,0.001397777677899806,0.0015133947782535575,0.0024491992609337412,0.0021018472955792004,0,22,9.9999999999999998e-13
40,4,"DenseLayer( 7202,128 )","all",15.863137518409699,0.00066852938294686645,4.2143580145731164e-05,4.4032717316957312e-05,7.4563454950331894e-05,4.031899351921212e-05,0,22,9.9999999999999998e-13
40,4,"DenseLayer( 7202,128 )","weights",15.863137246494214,0.00066849673394878584,4.2141522700817791e-05,4.4030533683042701e-05,7.4559723979217182e-05,4.0315987930081813e-05,0,22,9.9999999999999998e-13
40,4,"DenseLayer( 7202,128 )","biases",0.0029371501023628959,6.5586057005813866e-06,0.0022326279214122343,0.0023679394712074987,0.0040242256259319289,0.0026631914011253296,0,22,9.9999999999999998e-13
40,6,"DenseLayer( 128,64 )","all",9.2546168051906719,6.7985759635329785e-05,7.346145315638319e-06,7.553696821853813e-06,1.1189520101136057e-05,9.4948896793014479e-06,0,22,9.9999999999999998e-13
40,6,"DenseLayer( 128,64 )","weights",9.2546163769931944,6.7865770001903223e-05,7.3331802738935582e-06,7.540053164650351e-06,1.1164866352904659e-05,9.4712786016418528e-06,0,22,9.9999999999999998e-13
40,6,"DenseLayer( 128,64 )","biases",0.0028152441995234262,4.0187746191389463e-06,0.0014273207083986422,0.0014914365029204922,0.002441083474463705,0.0021948666969027028,0,22,9.9999999999999998e-13
40,8,"DenseLayer( 64,1 )","all",1.4085906501208605,6.0065923227917828e-06,4.2642570444883852e-06,4.4735863719036982e-06,7.2072935478960211e-06,5.8430344708201978e-06,0,22,9.9999999999999998e-13
40,8,"DenseLayer( 64,1 )","weights",1.4085906252624405,5.9957971440330437e-06,4.2565933023712966e-06,4.4652310596183867e-06,7.1841465955807759e-06,5.8206470486325e-06,0,22,9.9999999999999998e-13
40,8,"DenseLayer( 64,1 )","biases",0.00026463258969174189,3.1289395833895966e-07,0.0011826852874069617,0.0014553826085865185,0.0030838730902430864,0.0027161605622975124,0,22,9.9999999999999998e-13
41,0,"Conv2DLayer(1,8,5, stride=5, padding=0)","all",1.3295086919218941,5.7357444064817131e-06,4.3141818868608293e-06,5.1111830528984269e-06,9.8708220382658897e-06,1.7512932616386794e-06,0,22,9.9999999999999998e-13
41,0,"Conv2DLayer(1,8,5, stride=5, padding=0)","weights",1.3295082459545928,5.6042776804877684e-06,4.2152996297567802e-06,5.0072303890968998e-06,9.6752637948443767e-06,1.6958893052369229e-06,0,22,9.9999999999999998e-13
41,0,"Conv2DLayer(1,8,5, stride=5, padding=0)","biases",0.0010889567931463438,1.1888777072108558e-06,0.0010911775327168156,0.0012511082548375915,0.0023827282513548989,0.0005311206598436675,0,22,9.9999999999999998e-13
41,4,"DenseLayer( 7202,128 )","all",15.863203405573618,0.00057670910982796954,3.6355149695171833e-05,3.7071205497121311e-05,5.1551031749878634e-05,2.6469596180354501e-05,0,22,9.9999999999999998e-13
41,4,"DenseLayer( 7202,128 )","weights",15.863203131455045,0.0005766821565141929,3.6353451213849977e-05,3.7069465758921699e-05,5.1548419328990803e-05,2.6468588848595032e-05,0,22,9.9999999999999998e-13
41,4,"DenseLayer( 7202,128 )","biases",0.0029490230017463976,5.5579402121996062e-06,0.0018850949208149539,0.0019330647365032726,0.0027973064184335767,0.0012395320325808206,0,22,9.9999999999999998e-13
41,6,"DenseLayer( 128,64 )","all",9.2546502140141804,6.5086983443946497e-05,7.0328950960860789e-06,7.1528589688214178e-06,9.451459116233175e-06,5.1344981180458184e-06,0,22,9.9999999999999998e-13
41,6,"DenseLayer( 128,64 )","weights",9.2546497793113272,6.4990260343618326e-05,7.022444127847373e-06,7.1419179126569358e-06,9.4368543147273687e-06,5.128560147627531e-06,0,22,9.9999999999999998e-13
41,6,"DenseLayer( 128,64 )","biases",0.0028365503684174777,3.5000856357452859e-06,0.0012340865657057747,0.0012906761775129034,0.0019068756480107778,0.00080324936627500004,0,22,9.9999999999999998e-13
41,8,"DenseLayer( 64,1 )","all",1.4086188495815213,5.8671598575312674e-06,4.1651871024996931e-06,4.2874417635980305e-06,5.7935464681866591e-06,3.113445043133537e-06,0,22,9.9999999999999998e-13
41,8,"DenseLayer( 64,1 )","weights",1.4086188243033624,5.8592392264941247e-06,4.1595642017443878e-06,4.2822920227620719e-06,5.7934008193937577e-06,3.1101510430704738e-06,0,22,9.9999999999999998e-13
41,8,"DenseLayer( 64,1 )","biases",0.00026685967036014932,2.6077032089233398e-07,0.00097743636194601736,0.0011093618653815853,0.0025711885431831411,0.00075458845311980399,0,22,9.9999999999999998e-13
42,0,"Conv2DLayer(1,8,5, stride=5, padding=0)","all",1.3295116277410928,4.0786524856932778e-06,3.0677826791200585e-06,3.2600417315267533e-06,6.0949350240763302e-06,4.3530133473170952e-06,0,22,9.9999999999999998e-13
42,0,"Conv2DLayer(1,8,5, stride=5, padding=0)","weights",1.3295111775790853,3.9794426482481613e-06,2.9931624285621335e-06,3.190007282436423e-06,6.0445182919916916e-06,4.242309792731108e-06,0,22,9.9999999999999998e-13
42,0,"Conv2DLayer(1,8,5, stride=5, padding=0)","biases",0.0010940705704384904,8.5559823109816927e-07,0.00078204601524576309,0.0008168010226868392,0.0011870650504143781,0.0011870650504143781,0,22,9.9999999999999998e-13
42,4,"DenseLayer( 7202,128 )","all",15.863249917599054,0.00055924570536563059,3.5254169468445318e-05,3.5821089750543377e-05,4.9590191615894651e-05,2.9348836101061633e-05,0,22,9.9999999999999998e-13
42,4,"DenseLayer( 7202,128 )","weights",15.863249642793667,0.00055921506326256029,3.5252238438199375e-05,3.5819089763429224e-05,4.9586878586936333e-05,2.9347224970094405e-05,0,22,9.9999999999999998e-13
42,4,"DenseLayer( 7202,128 )","biases",0.0029527272704487936,5.8381830570772961e-06,0.0019773139369563052,0.0020341648934150947,0.003085238966046224,0.0016556415422115127,0,22,9.9999999999999998e-13
42,6,"DenseLayer( 128,64 )","all",9.2546834111981457,6.0072106649930915e-05,6.4909954864394823e-06,6.5833442682218127e-06,8.5670907426441925e-06,4.9625635628518978e-06,0,22,9.9999999999999998e-13
42,6,"DenseLayer( 128,64 )","weights",9.2546829739473058,5.9976964124293601e-05,6.4807153196576625e-06,6.5726307455257174e-06,8.5507960700964879e-06,4.957752457474673e-06,0,22,9.9999999999999998e-13
42,6,"DenseLayer( 128,64 )","biases",0.0028448606223101386,3.341341784024124e-06,0.0011744523138423025,0.0012212068170118701,0.0017157662881686925,0.00071140794872387361,0,22,9.9999999999999998e-13
42,8,"DenseLayer( 64,1 )","all",1.4086461716828915,5.6447865229752091e-06,4.0072452584595484e-06,4.1292082428170084e-06,5.9580758289353164e-06,3.1722609214459219e-06,0,22,9.9999999999999998e-13
42,8,"DenseLayer( 64,1 )","weights",1.4086461464960682,5.6319338559016936e-06,3.9981212255319317e-06,4.11995848231902e-06,5.957222419778926e-06,3.1710868866910185e-06,0,22,9.9999999999999998e-13
42,8,"DenseLayer( 64,1 )","biases",0.00026637969924856657,3.0113601083443925e-07,0.0011310476046290602,0.0014617722553956004,0.0028827056919566154,0.00045626457709069013,0,22,9.9999999999999998e-13
43,0,"Conv2DLayer(1,8,5, stride=5, padding=0)","all",1.3295143941023664,5.6855235150629251e-06,4.276392415951193e-06,5.0037264731397772e-06,9.3373551545822931e-06,2.5132006409216478e-06,0,22,9.9999999999999998e-13
43,0,"Conv2DLayer(1,8,5, stride=5, padding=0)","weights",1.3295139387832726,5.5353963722763211e-06,4.1634750322333907e-06,4.8839909200920482e-06,9.1482002189598379e-06,2.4389552073276799e-06,0,22,9.9999999999999998e-13
43,0,"Conv2DLayer(1,8,5, stride=5, padding=0)","biases",0.0011003179508009436,1.279824583891569e-06,0.0011637433424713291,0.001316355007229967,0.0026104026939073803,0.00073392838458395139,0,22,9.9999999999999998e-13
43,4,"DenseLayer( 7202,128 )","all",15.863301355841294,0.00056985674407472738,3.5922959923899808e-05,3.6470334025849265e-05,5.3802058487007613e-05,2.7302759087886509e-05,0,22,9.9999999999999998e-13
43,4,"DenseLayer( 7202,128 )","weights",15.863301080518378,0.00056982623122051035,3.592103706047214e-05,3.6468330439076577e-05,5.3797765081085745e-05,2.7301378662826421e-05,0,22,9.9999999999999998e-13
43,4,"DenseLayer( 7202,128 )","biases",0.002955504524428049,5.8664508985868914e-06,0.0019846877345747445,0.00205152769772937,0.0036383730467733138,0.0014717850339675946,0,22,9.9999999999999998e-13
43,6,"DenseLayer( 128,64 )","all",9.2547163963711281,6.337979149973418e-05,6.8483772895540201e-06,7.0081271169802301e-06,1.1279674384216713e-05,5.6010953255947852e-06,0,22,9.9999999999999998e-13
43,6,"DenseLayer( 128,64 )","weights",9.2547159582008014,6.3278390674019054e-05,6.8374209496560275e-06,6.9961776999217698e-06,1.1248060964896312e-05,5.5918539042487137e-06,0,22,9.9999999999999998e-13
43,6,"DenseLayer( 128,64 )","biases",0.002847853165578655,3.54304815472475e-06,0.0012441280750795679,0.0013294779464235668,0.0027448026478274195,0.0010477769046574094,0,22,9.9999999999999998e-13
43,8,"DenseLayer( 64,1 )","all",1.4086703402902092,5.5302804571643633e-06,3.9258868725832802e-06,4.1017417428197831e-06,6.961288371588001e-06,2.4924890514510883e-06,0,22,9.9999999999999998e-13
43,8,"DenseLayer( 64,1 )","weights",1.4086703150802022,5.5190455656520409e-06,3.9179114431063961e-06,4.0916424688252865e-06,6.9034948277331968e-06,2.484885702687491e-06,0,22,9.9999999999999998e-13
43,8,"DenseLayer( 64,1 )","biases",0.00026650420014365494,2.8416318607262592e-07,0.0010670508029310063,0.0015220536513386141,0.0047429546701743385,0.0010372063635298151,0,22,9.9999999999999998e-13
44,0,"Conv2DLayer(1,8,5, stride=5, padding=0)","all",1.3295142206097839,1.03594370323556e-05,7.7918960499681793e-06,8.1999730388710676e-06,1.329676103387961e-05,5.2643765805440172e-06,0,22,9.9999999999999998e-13
44,0,"Conv2DLayer(1,8,5, stride=5, padding=0)","weights",1.3295137636265273,1.0140500162291364e-05,7.6272242389292515e-06,8.0366090239289229e-06,1.3130277790083154e-05,5.222443255788049e-06,0,22,9.9999999999999998e-13
44,0,"Conv2DLayer(1,8,5, stride=5, padding=0)","biases",0.0011022952148410136,2.0643170103229287e-06,0.0018732826591193856,0.0019656278222671014,0.0027741940113472719,0.00079114462576072289,0,22,9.9999999999999998e-13
44,4,"DenseLayer( 7202,128 )","all",15.863344936051027,0.00068581492758371815,4.3232684776203754e-05,4.42778060015267e-05,6.4030272386602486e-05,4.4784657659288705e-05,0,22,9.9999999999999998e-13
44,4,"DenseLayer( 7202,128 )","weights",15.863344660580939,0.00068577238990986521,4.3230004019468445e-05,4.4274999738172154e-05,6.4026294465216438e-05,4.4781858435778886e-05,0,22,9.9999999999999998e-13
44,4,"DenseLayer( 7202,128 )","biases",0.0029563046377765433,7.5934971641223654e-06,0.0025682031129481793,0.0026745632263579957,0.0039661683768832329,0.0026903997991946415,0,22,9.9999999999999998e-13
44,6,"DenseLayer( 128,64 )","all",9.254748770977713,8.1403949335130302e-05,8.7959122817293664e-06,8.9805487039977065e-06,1.2300532079353658e-05,8.6707320272085354e-06,0,22,9.9999999999999998e-13
44,6,"DenseLayer( 128,64 )","weights",9.2547483358063634,8.1205172396200362e-05,8.7744343185813157e-06,8.9581097595333387e-06,1.2271123941095864e-05,8.6466118508485101e-06,0,22,9.9999999999999998e-13
44,6,"DenseLayer( 128,64 )","biases",0.0028380903722875737,5.6509579289465115e-06,0.0019914763834200469,0.002069625811230527,0.0032584919088818392,0.0020980700853130748,0,22,9.9999999999999998e-13
44,8,"DenseLayer( 64,1 )","all",1.4086914783966002,7.3822304447441228e-06,5.2404894210499187e-06,5.4304367132792356e-06,7.9997730893148643e-06,4.3670928216867855e-06,0,22,9.9999999999999998e-13
44,8,"DenseLayer( 64,1 )","weights",1.4086914533332067,7.3532942934997392e-06,5.2199483447255496e-06,5.4073715573013618e-06,7.9424310509850851e-06,4.3315040145584051e-06,0,22,9.9999999999999998e-13
44,8,"DenseLayer( 64,1 )","biases",0.00026572605632033878,5.8468537066470494e-07,0.0022003989049406273,0.0026513128567027251,0.0050654220747236777,0.0029241280466453311,0,22,9.9999999999999998e-13
45,0,"Conv2DLayer(1,8,5, stride=5, padding=0)","all",1.3295154805042477,5.3293554844679942e-06,4.0084932943781717e-06,5.1149399983250823e-06,1.1429969995219738e-05,3.5093202940496405e-06,0,22,9.9999999999999998e-13
45,0,"Conv2DLayer(1,8,5, stride=5, padding=0)","weights",1.3295150182791846,5.2128213573857479e-06,3.9208431309305879e-06,5.037530054368353e-06,1.1292232871220311e-05,3.4367982683835771e-06,0,22,9.9999999999999998e-13
45,0,"Conv2DLayer(1,8,5, stride=5, padding=0)","biases",0.0011086295563411544,1.0482086098583192e-06,0.00094530555840364745,0.0010629767840250384,0.0021262000117400369,0.00085373662786421896,0,22,9.9999999999999998e-13
45,4,"DenseLayer( 7202,128 )","all",15.863393249167416,0.0006567171580864592,4.1398277246765285e-05,4.2643891886620261e-05,6.0813159900059084e-05,4.1833483148482963e-05,0,22,9.9999999999999998e-13
45,4,"DenseLayer( 7202,128 )","weights",15.863392973176058,0.00065667793488575425,4.1395805406029209e-05,4.2641246306745386e-05,6.080779632526656e-05,4.1831756032827827e-05,0,22,9.9999999999999998e-13
45,4,"DenseLayer( 7202,128 )","biases",0.0029591046339276571,7.1071867736500119e-06,0.002402453028760783,0.0025481479057745549,0.0043358063238322659,0.0020353284618923684,0,22,9.9999999999999998e-13
45,6,"DenseLayer( 128,64 )","all",9.2547815531334017,7.3600989606164403e-05,7.9527530232434778e-06,8.1302834640555984e-06,1.189799223735406e-05,7.4196020227054887e-06,0,22,9.9999999999999998e-13
45,6,"DenseLayer( 128,64 )","weights",9.2547811153508981,7.3433081017348131e-05,7.9346104950612835e-06,8.111088996274667e-06,1.1858100105999896e-05,7.4111386388740904e-06,0,22,9.9999999999999998e-13
45,6,"DenseLayer( 128,64 )","biases",0.0028466005808490749,4.9020059475267532e-06,0.0017220720798128164,0.0018152358605150599,0.0031628382839611101,0.0011510388019381481,0,22,9.9999999999999998e-13
45,8,"DenseLayer( 64,1 )","all",1.4087147719533046,6.7709725025997362e-06,4.8064913084442729e-06,5.0369536241610664e-06,8.3292892602615964e-06,3.7653044992089453e-06,0,22,9.9999999999999998e-13
45,8,"DenseLayer( 64,1 )","weights",1.4087147467685686,6.7419097568578699e-06,4.7858606957594544e-06,5.0134002190534886e-06,8.2725275818741617e-06,3.7620181806492931e-06,0,22,9.9999999999999998e-13
45,8,"DenseLayer( 64,1 )","biases",0.00026636865831361234,5.867742319506678e-07,0.0022052250501617952,0.0025764358852745444,0.0051327533392336276,0.00082916210952433127,0,22,9.9999999999999998e-13
46,0,"Conv2DLayer(1,8,5, stride=5, padding=0)","all",1.3295163873178193,6.3154013028784261e-06,4.7501512228009816e-06,5.421972902501043e-06,1.0447866663608029e-05,3.9507200716393843e-06,0,22,9.9999999999999998e-13
46,0,"Conv2DLayer(1,8,5, stride=5, padding=0)","weights",1.3295159219683048,6.2061583677645085e-06,4.6679854149069129e-06,5.3371966294434961e-06,1.0308475898013266e-05,3.8816083138821325e-06,0,22,9.9999999999999998e-13
46,0,"Conv2DLayer(1,8,5, stride=5, padding=0)","biases",0.0011123723226441646,1.1500112073023079e-06,0.0010344512081942054,0.0011428494538214657,0.0020427502418202473,0.00088022676103034075,0,22,9.9999999999999998e-13
46,4,"DenseLayer( 7202,128 )","all",15.863447886844359,0.00067672293358494442,4.2659264680884732e-05,4.3747811829919167e-05,6.164768099453366e-05,4.6951641768748439e-05,0,22,9.9999999999999998e-13
46,4,"DenseLayer( 7202,128 )","weights",15.863447610644636,0.00067668839726606948,4.2657088322931754e-05,4.3745535751404756e-05,6.1643697809408678e-05,4.6949455897030597e-05,0,22,9.9999999999999998e-13
46,4,"DenseLayer( 7202,128 )","biases",0.002960229297617435,6.7907194973965748e-06,0.0022940297552883795,0.0023919338311357043,0.0037590330344624244,0.0024277736697242264,0,22,9.9999999999999998e-13
46,6,"DenseLayer( 128,64 )","all",9.2548101847436115,7.3493849680086729e-05,7.9411521663894511e-06,8.0825467927915341e-06,1.0751311561377393e-05,7.3817687988173782e-06,0,22,9.9999999999999998e-13
46,6,"DenseLayer( 128,64 )","weights",9.2548097440438202,7.3373846339838032e-05,7.9281859529273313e-06,8.0689072032345908e-06,1.0732964417203768e-05,7.3721661836987786e-06,0,22,9.9999999999999998e-13
46,6,"DenseLayer( 128,64 )","biases",0.0028560749240751039,4.127588993149261e-06,0.0014454172472687294,0.0015213882272607016,0.0025290725732148782,0.0012201118330188913,0,22,9.9999999999999998e-13
46,8,"DenseLayer( 64,1 )","all",1.4087412178757637,6.0830543494470535e-06,4.3180798511286635e-06,4.4673608419958816e-06,6.2203835306706273e-06,4.0031325992218786e-06,0,22,9.9999999999999998e-13
46,8,"DenseLayer( 64,1 )","weights",1.4087411927404923,6.0646087834256702e-06,4.3049862831471751e-06,4.4524248182450923e-06,6.2049974593527749e-06,3.9985331760569248e-06,0,22,9.9999999999999998e-13
46,8,"DenseLayer( 64,1 )","biases",0.00026611531211528927,4.1790454733100807e-07,0.0015715400468492295,0.001934701662636006,0.0036562702982396267,0.0010166240920203549,0,22,9.9999999999999998e-13
47,0,"Conv2DLayer(1,8,5, stride=5, padding=0)","all",1.3295203324658553,9.280694661206349e-06,6.9804882048742213e-06,7.8552087464383785e-06,1.3653348173513522e-05,1.3653348173513522e-05,0,22,9.9999999999999998e-13
47,0,"Conv2DLayer(1,8,5, stride=5, padding=0)","weights",1.3295198620432829,9.021564883138267e-06,6.785585798999123e-06,7.6528725584884625e-06,1.3271424248101834e-05,1.3271424248101834e-05,0,22,9.9999999999999998e-13
47,0,"Conv2DLayer(1,8,5, stride=5, padding=0)","biases",0.0011184084673429243,2.1479610614038154e-06,0.0019219388147186471,0.0021084905263038804,0.0038226126187604968,0.0038226126187604968,0,22,9.9999999999999998e-13
47,4,"DenseLayer( 7202,128 )","all",15.863489788766264,0.00070699829982483696,4.4567636489718511e-05,4.5959256841170624e-05,8.2258531444302517e-05,8.2258531444302517e-05,0,22,9.9999999999999998e-13
47,4,"DenseLayer( 7202,128 )","weights",15.863489511745728,0.00070695735960236029,4.4565056485806142e-05,4.5956462121832437e-05,8.2251768879352448e-05,8.2251768879352448e-05,0,22,9.9999999999999998e-13
47,4,"DenseLayer( 7202,128 )","biases",0.0029646277520892685,7.5486252102392307e-06,0.002545757465281791,0.002711329346185727,0.0056392647639768815,0.0056392647639768815,0,22,9.9999999999999998e-13
47,6,"DenseLayer( 128,64 )","all",9.2548448853243208,8.5072574574516656e-05,9.1922196109255593e-06,9.870697923009167e-06,2.1590573589990671e-05,2.1590573589990671e-05,0,22,9.9999999999999998e-13
47,6,"DenseLayer( 128,64 )","weights",9.2548444400098404,8.487984695713672e-05,9.1713955457489315e-06,9.8462537915007649e-06,2.1521062452719384e-05,2.1521062452719384e-05,0,22,9.9999999999999998e-13
47,6,"DenseLayer( 128,64 )","biases",0.0028709799567336099,5.6695126905167043e-06,0.001975133942134979,0.0022387307823986831,0.0055871802353467748,0.0055871802353467748,0,22,9.9999999999999998e-13
47,8,"DenseLayer( 64,1 )","all",1.4087703631541681,7.7277227514774197e-06,5.4854342454862618e-06,5.933713950475479e-06,1.324578950727186e-05,1.324578950727186e-05,0,22,9.9999999999999998e-13
47,8,"DenseLayer( 64,1 )","weights",1.4087703377528296,7.7085032688672486e-06,5.4717916605177223e-06,5.9147567413059358e-06,1.3162935185892561e-05,1.3162935185892561e-05,0,22,9.9999999999999998e-13
47,8,"DenseLayer( 64,1 )","biases",0.00026752004553352231,4.9003309951248497e-07,0.0018342602516890623,0.0025033352678947881,0.0078397958381482124,0.0078397958381482124,0,22,9.9999999999999998e-13
48,0,"Conv2DLayer(1,8,5, stride=5, padding=0)","all",1.3295116856710099,1.1507430913753697e-05,8.65538283952383e-06,9.0748816311868801e-06,1.5005446443400568e-05,9.7648749951845654e-06,0,22,9.9999999999999998e-13
48,0,"Conv2DLayer(1,8,5, stride=5, padding=0)","weights",1.3295112175806159,1.1213778937333791e-05,8.4345138213644024e-06,8.8471659631527667e-06,1.4691947262081743e-05,9.6018039856389234e-06,0,22,9.9999999999999998e-13
48,0,"Conv2DLayer(1,8,5, stride=5, padding=0)","biases",0.0011156034382340042,2.5587743608459739e-06,0.0022931123249909789,0.0024066667415223045,0.0036505040105800197,0.0020856640521195748,0,22,9.9999999999999998e-13
48,4,"DenseLayer( 7202,128 )","all",15.863530758976511,0.00086889877061418043,5.4773353970837015e-05,5.5719978910151622e-05,6.9519331313483264e-05,4.97228703203456e-05,0,22,9.9999999999999998e-13
48,4,"DenseLayer( 7202,128 )","weights",15.863530483113658,0.00086884652743528007,5.4770061635107377e-05,5.5716630818124773e-05,6.9515020790243199e-05,4.9720281813240521e-05,0,22,9.9999999999999998e-13
48,4,"DenseLayer( 7202,128 )","biases",0.0029584280790988945,9.5026593453144964e-06,0.0032124128549094163,0.0032764424006696347,0.0041420199158593201,0.0027157562792023949,0,22,9.9999999999999998e-13
48,6,"DenseLayer( 128,64 )","all",9.2548614613887619,0.00010670228871982199,1.1529322464467229e-05,1.1754559484957495e-05,1.6868146796083486e-05,1.1611759253441366e-05,0,22,9.9999999999999998e-13
48,6,"DenseLayer( 128,64 )","weights",9.2548610261805422,0.0001064336482942162,1.1500296054445445e-05,1.1724431808532165e-05,1.6818021316837239e-05,1.1588028073542328e-05,0,22,9.9999999999999998e-13
48,6,"DenseLayer( 128,64 )","biases",0.0028382023580318856,7.5429339479777367e-06,0.0026567742933892684,0.00274057426545465,0.0042089916229088795,0.0024003754025454151,0,22,9.9999999999999998e-13
48,8,"DenseLayer( 64,1 )","all",1.4087772367504967,9.8719941897726987e-06,7.0074878037143378e-06,7.1857695538772372e-06,1.0251396575617528e-05,7.0466123206226779e-06,0,22,9.9999999999999998e-13
48,8,"DenseLayer( 64,1 )","weights",1.4087772122600588,9.8506886169791216e-06,6.9923644690726677e-06,7.1686568866337875e-06,1.019689843033144e-05,7.0462561708625106e-06,0,22,9.9999999999999998e-13
48,8,"DenseLayer( 64,1 )","biases",0.00026267448000990868,5.5273862513290206e-07,0.0021038454754633913,0.0026557944021084676,0.0056391052120918911,0.00037386767416919899,0,22,9.9999999999999998e-13
49,0,"Conv2DLayer(1,8,5, stride=5, padding=0)","all",1.3295260042222092,7.9460473549163036e-06,5.9765965627510926e-06,7.065044635989373e-06,1.4644026952181591e-05,8.0337914084203115e-06,0,22,9.9999999999999998e-13
49,0,"Conv2DLayer(1,8,5, stride=5, padding=0)","weights",1.3295255240026631,7.7334645323881912e-06,5.8167049668236016e-06,6.8899686448120694e-06,1.4258117992546121e-05,7.9105540644954257e-06,0,22,9.9999999999999998e-13
49,0,"Conv2DLayer(1,8,5, stride=5, padding=0)","biases",0.0011299890139388894,1.7655306722289225e-06,0.0015611397726846643,0.0018365066157265439,0.0039173250180937801,0.0016615784586589888,0,22,9.9999999999999998e-13
49,4,"DenseLayer( 7202,128 )","all",15.86360387129522,0.00076889717448627357,4.8469260344970672e-05,5.0356916690724404e-05,8.1099660277500458e-05,5.9455008789101594e-05,0,22,9.9999999999999998e-13
49,4,"DenseLayer( 7202,128 )","weights",15.863603592876935,0.00076884090219960519,4.846571393874824e-05,5.0353102312169029e-05,8.1092143712617573e-05,5.945134106746592e-05,0,22,9.9999999999999998e-13
49,4,"DenseLayer( 7202,128 )","biases",0.0029721069698807391,9.2632341345702582e-06,0.0031158872524782795,0.0033067627880369859,0.0058849936520499781,0.0035231568778696055,0,22,9.9999999999999998e-13
49,6,"DenseLayer( 128,64 )","all",9.2549142764969314,9.3088973787675659e-05,1.0058328736199763e-05,1.0619108763033203e-05,1.9209839638464904e-05,9.5471962339697342e-06,0,22,9.9999999999999998e-13
49,6,"DenseLayer( 128,64 )","weights",9.254913833710475,9.285579605061512e-05,1.003313419984409e-05,1.0591065053012226e-05,1.914848661651866e-05,9.525305702066652e-06,0,22,9.9999999999999998e-13
49,6,"DenseLayer( 128,64 )","biases",0.0028628297520137433,6.5485765672470411e-06,0.0022863559064031777,0.0024908784359454639,0.0049506745876670344,0.0020940897561543045,0,22,9.9999999999999998e-13
49,8,"DenseLayer( 64,1 )","all",1.4088200293471953,8.2187319627298124e-06,5.8337702892341708e-06,6.2311694424791458e-06,1.1624478568220213e-05,5.3255422209199162e-06,0,22,9.9999999999999998e-13
49,8,"DenseLayer( 64,1 )","weights",1.4088200040976038,8.1788061187525065e-06,5.8054304958829291e-06,6.1992509246113362e-06,1.1547056438453528e-05,5.3175229189434014e-06,0,22,9.9999999999999998e-13
49,8,"DenseLayer( 64,1 )","biases",0.00026671667001210153,7.4302740606733342e-07,0.0027829737822956911,0.0033186500828561688,0.0070328882656330877,0.0015470278075568294,0,22,9.9999999999999998e-13
50,0,"Conv2DLayer(1,8,5, stride=5, padding=0)","all",1.3295211821624902,7.6162537217189001e-06,5.7285768530965468e-06,7.1429860386560308e-06,1.4658693137019283e-05,6.3557932665896452e-06,0,22,9.9999999999999998e-13
50,0,"Conv2DLayer(1,8,5, stride=5, padding=0)","weights",1.3295207007840595,7.4363124469927666e-06,5.593235747552558e-06,6.9956381501571467e-06,1.4401088765279435e-05,6.2980716208447543e-06,0,22,9.9999999999999998e-13
50,0,"Conv2DLayer(1,8,5, stride=5, padding=0)","biases",0.0011313508101631101,1.5981302742492294e-06,0.0014157620025897074,0.0017024007450278098,0.0032291783971574862,0.001001071114726635,0,22,9.9999999999999998e-13
50,4,"DenseLayer( 7202,128 )","all",15.863657672797801,0.00071990585747993272,4.5380828189621892e-05,4.6870939989256602e-05,6.4728771284276742e-05,6.4728771284276742e-05,0,22,9.9999999999999998e-13
50,4,"DenseLayer( 7202,128 )","weights",15.863657395134679,0.00071986869872826462,4.5378486601324892e-05,4.6868509926627358e-05,6.4726019649234202e-05,6.4726019649234202e-05,0,22,9.9999999999999998e-13
50,4,"DenseLayer( 7202,128 )","biases",0.0029680789615891502,7.2982733995828305e-06,0.0024586105632904724,0.0025508112655264034,0.0035318017101357356,0.0031839051605505727,0,22,9.9999999999999998e-13
50,6,"DenseLayer( 128,64 )","all",9.2549377259826393,7.8083552982685336e-05,8.4369619284376643e-06,8.5873589060656823e-06,1.1157776131922108e-05,9.5247151035725374e-06,0,22,9.9999999999999998e-13
50,6,"DenseLayer( 128,64 )","weights",9.2549372878092644,7.7917450338547452e-05,8.4190148664434697e-06,8.5688080639929684e-06,1.1137208445287047e-05,9.506115653333893e-06,0,22,9.9999999999999998e-13
50,6,"DenseLayer( 128,64 )","biases",0.0028478935837708088,5.0318456232549449e-06,0.0017665136211917126,0.0018326204768810389,0.0028128615644018805,0.0019238384978817861,0,22,9.9999999999999998e-13
50,8,"DenseLayer( 64,1 )","all",1.4088310518116134,7.3373462430336248e-06,5.2081091461889528e-06,5.3745476402880115e-06,7.435742465969868e-06,5.8168896443128214e-06,0,22,9.9999999999999998e-13
50,8,"DenseLayer( 64,1 )","weights",1.4088310267592594,7.3193594662199566e-06,5.1953421181188452e-06,5.3610265558984164e-06,7.4213387503042565e-06,5.8066554570828647e-06,0,22,9.9999999999999998e-13
50,8,"DenseLayer( 64,1 )","biases",0.00026568251434417272,4.7026895282959397e-07,0.0017687620156472674,0.0020169639577500339,0.003870860728575115,0.0018048795094826981,0,22,9.9999999999999998e-13
51,0,"Conv2DLayer(1,8,5, stride=5, padding=0)","all",1.3295258494972606,5.6199139784817888e-06,4.2270067077754835e-06,4.7310323221826832e-06,9.2753630272874033e-06,2.9476914584481104e-06,0,22,9.9999999999999998e-13
51,0,"Conv2DLayer(1,8,5, stride=5, padding=0)","weights",1.3295253623798116,5.470352251813309e-06,4.1145156851049654e-06,4.6193685779878217e-06,9.1288217998110575e-06,2.8394420925455939e-06,0,22,9.9999999999999998e-13
51,0,"Conv2DLayer(1,8,5, stride=5, padding=0)","biases",0.0011380961256756393,1.2606374357084033e-06,0.0011075051329441873,0.0011932587068035083,0.0023692374920231424,0.00092770226868830118,0,22,9.9999999999999998e-13
51,4,"DenseLayer( 7202,128 )","all",15.863704721819316,0.00062949475617179757,3.9681450437922457e-05,4.0664102721199448e-05,5.6110951785993576e-05,3.7178262101295063e-05,0,22,9.9999999999999998e-13
51,4,"DenseLayer( 7202,128 )","weights",15.86370444283359,0.00062946142852579861,3.9679350261607191e-05,4.0661941288748805e-05,5.6108567188096395e-05,3.7176418486034777e-05,0,22,9.9999999999999998e-13
51,4,"DenseLayer( 7202,128 )","biases",0.0029751426650776597,6.4498349070450996e-06,0.0021679115601812931,0.0022359450410758298,0.0030292873992501957,0.0019705747472891729,0,22,9.9999999999999998e-13
51,6,"DenseLayer( 128,64 )","all",9.254977723273722,6.9565302294670038e-05,7.5165285362138929e-06,7.6286914674169054e-06,9.8323924891018458e-06,6.7622656793207012e-06,0,22,9.9999999999999998e-13
51,6,"DenseLayer( 128,64 )","weights",9.2549772799476742,6.9427358119223022e-05,7.5016240322335382e-06,7.6132174493383205e-06,9.8103892313911782e-06,6.753209959467249e-06,0,22,9.9999999999999998e-13
51,6,"DenseLayer( 128,64 )","biases",0.0028646008640011121,4.3305890838612961e-06,0.0015116081955183918,0.0015687791964274921,0.0022495832897487687,0.0011316918149233198,0,22,9.9999999999999998e-13
51,8,"DenseLayer( 64,1 )","all",1.4088659883546177,6.0721104296379694e-06,4.3099285744593186e-06,4.3817381754055518e-06,5.5823441857711104e-06,4.0240035838440022e-06,0,22,9.9999999999999998e-13
51,8,"DenseLayer( 64,1 )","weights",1.4088659627532603,6.0549352033208656e-06,4.2977378466990324e-06,4.3685584560825519e-06,5.5642002391815011e-06,4.0237704842546363e-06,0,22,9.9999999999999998e-13
51,8,"DenseLayer( 64,1 )","biases",0.00026858270840338349,4.0114338679069822e-07,0.0014936317517754954,0.0017819699662193135,0.0038092065884808637,0.00022725036379564676,0,22,9.9999999999999998e-13
52,0,"Conv2DLayer(1,8,5, stride=5, padding=0)","all",1.3295301824607058,1.0325791784840816e-05,7.7664994017367746e-06,9.3783501670459253e-06,2.4148787077387257e-05,2.4148787077387257e-05,0,22,9.9999999999999998e-13
52,0,"Conv2DLayer(1,8,5, stride=5, padding=0)","weights",1.3295296880742404,1.0050118004912264e-05,7.5591555101470773e-06,9.1615061446767375e-06,2.3608936302692027e-05,2.3608936302692027e-05,0,22,9.9999999999999998e-13
52,0,"Conv2DLayer(1,8,5, stride=5, padding=0)","biases",0.0011465256403176988,2.3081442960623329e-06,0.0020131413544825449,0.0023244291344139602,0.0058695080262289867,0.0058695080262289867,0,22,9.9999999999999998e-13
52,4,"DenseLayer( 7202,128 )","all",15.863766920805153,0.00081857446950903069,5.1600252527916906e-05,5.4189704041084423e-05,9.5121745701909577e-05,9.5121745701909577e-05,0,22,9.9999999999999998e-13
52,4,"DenseLayer( 7202,128 )","weights",15.863766640124515,0.00081851570627052873,5.159654919934316e-05,5.418571096675404e-05,9.5114436429197616e-05,9.5114436429197616e-05,0,22,9.9999999999999998e-13
52,4,"DenseLayer( 7202,128 )","biases",0.0029841729352868347,9.7458034568543375e-06,0.0032659496416927551,0.0034975473577303793,0.0062671687995615871,0.0062671687995615871,0,22,9.9999999999999998e-13
52,6,"DenseLayer( 128,64 )","all",9.2550146452915207,0.00010292116824614076,1.1120581662388094e-05,1.1785495882632789e-05,2.3529431744295678e-05,2.3529431744295678e-05,0,22,9.9999999999999998e-13
52,6,"DenseLayer( 128,64 )","weights",9.2550142000847782,0.00010265195589348342,1.10914939365009e-05,1.1753318678522413e-05,2.3463674337274136e-05,2.3463674337274136e-05,0,22,9.9999999999999998e-13
52,6,"DenseLayer( 128,64 )","biases",0.0028706473194147421,7.380925206510805e-06,0.0025715381711238754,0.0028063698274436743,0.005671884548522084,0.005671884548522084,0,22,9.9999999999999998e-13
52,8,"DenseLayer( 64,1 )","all",1.4088938033601028,1.0239991929403487e-05,7.2680996553731155e-06,7.6678629890142117e-06,1.4376160744316689e-05,1.4376160744316689e-05,0,22,9.9999999999999998e-13
52,8,"DenseLayer( 64,1 )","weights",1.4088937777956423,1.019404946991166e-05,7.2354909375045801e-06,7.6305755988521355e-06,1.4314328216907356e-05,1.4314328216907356e-05,0,22,9.9999999999999998e-13
52,8,"DenseLayer( 64,1 )","biases",0.00026838156918529421,9.063554567877542e-07,0.0033837038897058581,0.0039768161130722922,0.0070512517672419823,0.0070512517672419823,0,22,9.9999999999999998e-13
53,0,"Conv2DLayer(1,8,5, stride=5, padding=0)","all",1.3295226290306275,1.8023820572639941e-05,1.3556630826372445e-05,1.5903880044309975e-05,2.7780637274202638e-05,1.5802625943933752e-05,0,22,9.9999999999999998e-13
53,0,"Conv2DLayer(1,8,5, stride=5, padding=0)","weights",1.329522136048725,1.7666346201919122e-05,1.3287761005474864e-05,1.5608046786263703e-05,2.7245351209228533e-05,1.5668898660531884e-05,0,22,9.9999999999999998e-13
53,0,"Conv2DLayer(1,8,5, stride=5, padding=0)","biases",0.0011448594103791864,3.5175528834900237e-06,0.003080091875840451,0.0035568448453968606,0.0063035318915960013,0.002356909920748545,0,22,9.9999999999999998e-13
53,4,"DenseLayer( 7202,128 )","all",15.863813299080695,0.0010423898417049721,6.570867310646602e-05,7.0137714267434474e-05,0.00011197337470509716,9.6717175782878964e-05,0,22,9.9999999999999998e-13
53,4,"DenseLayer( 7202,128 )","weights",15.863813018195888,0.0010423278021303175,6.5704763508640717e-05,7.0133533532464574e-05,0.00011196661836560124,9.671055911986762e-05,0,22,9.9999999999999998e-13
53,4,"DenseLayer( 7202,128 )","biases",0.0029852596602541878,1.1350985207896216e-05,0.0038016381530061646,0.0040690646641096248,0.0065284821974975144,0.0060249520311369481,0,22,9.9999999999999998e-13
53,6,"DenseLayer( 128,64 )","all",9.2550371161974887,0.00011585251160127445,1.2517784276164263e-05,1.3532647426900555e-05,2.3834577411576241e-05,1.6144025338521944e-05,0,22,9.9999999999999998e-13
53,6,"DenseLayer( 128,64 )","weights",9.2550366766793992,0.000115588148886865,1.2489220658844321e-05,1.3501712406154205e-05,2.377573495612064e-05,1.6099409333361097e-05,0,22,9.9999999999999998e-13
53,6,"DenseLayer( 128,64 )","biases",0.0028522734709413291,7.7939222573905396e-06,0.0027334880510112188,0.0029686453841895185,0.0054194118097553789,0.003890949044151592,0,22,9.9999999999999998e-13
53,8,"DenseLayer( 64,1 )","all",1.4089108731254363,1.0405530085097739e-05,7.3855239046887049e-06,8.0689189893328824e-06,1.4195025743225231e-05,9.4969441046576893e-06,0,22,9.9999999999999998e-13
53,8,"DenseLayer( 64,1 )","weights",1.40891084819709,1.0378624194907594e-05,7.3664270624403661e-06,8.0490219083820845e-06,1.4155249820800278e-05,9.4161183226819993e-06,0,22,9.9999999999999998e-13
53,8,"DenseLayer( 64,1 )","biases",0.00026503188763110137,6.3201613639566034e-07,0.0023874692394017165,0.0030145441877577205,0.0065562213451481289,0.0065562213451481289,0,22,9.9999999999999998e-13
54,0,"Conv2DLayer(1,8,5, stride=5, padding=0)","all",1.3295208595900834,9.9473450275553339e-06,7.4818975258327e-06,8.0054906793159454e-06,1.2143870899729249e-05,4.1493909585816195e-06,0,22,9.9999999999999998e-13
54,0,"Conv2DLayer(1,8,5, stride=5, padding=0)","weights",1.329520363356703,9.7029610457016373e-06,7.2980865989698853e-06,7.820730076458918e-06,1.2053640116491435e-05,4.0149417832232194e-06,0,22,9.9999999999999998e-13
54,0,"Conv2DLayer(1,8,5, stride=5, padding=0)","biases",0.0011486800409865646,2.1158602180265501e-06,0.0018418625218403505,0.0019789181615905535,0.0030814847011952011,0.0012004582349000065,0,22,9.9999999999999998e-13
54,4,"DenseLayer( 7202,128 )","all",15.86386953196055,0.00084045684093781554,5.2979306976121547e-05,5.439986816547206e-05,8.0219713644646997e-05,5.38569099806391e-05,0,22,9.9999999999999998e-13
54,4,"DenseLayer( 7202,128 )","weights",15.863869252017293,0.00084039713091604222,5.2975544011424579e-05,5.4395924211139575e-05,8.0214320250595182e-05,5.3853030081486714e-05,0,22,9.9999999999999998e-13
54,4,"DenseLayer( 7202,128 )","biases",0.0029802609755974095,9.9720710072373981e-06,0.0033457736515767537,0.0034866612289792317,0.0049505427958564264,0.003434748477225059,0,22,9.9999999999999998e-13
54,6,"DenseLayer( 128,64 )","all",9.255074681406672,9.9636063456443692e-05,1.0765559336338166e-05,1.1077752326015119e-05,1.4846269341224335e-05,9.7883129606460307e-06,0,22,9.9999999999999998e-13
54,6,"DenseLayer( 128,64 )","weights",9.2550742438191094,9.9387446095598275e-05,1.0738697033749858e-05,1.1048582140178744e-05,1.4796472000319928e-05,9.7621286665049702e-06,0,22,9.9999999999999998e-13
54,6,"DenseLayer( 128,64 )","biases",0.002845994907760694,6.9344929909119856e-06,0.0024359694582925082,0.0026112742096686963,0.0039451740593903729,0.002313682703275088,0,22,9.9999999999999998e-13
54,8,"DenseLayer( 64,1 )","all",1.4089319640144189,9.1081437294256135e-06,6.4645692658486894e-06,6.7125387880595966e-06,8.9922623999058077e-06,5.171071794658632e-06,0,22,9.9999999999999998e-13
54,8,"DenseLayer( 64,1 )","weights",1.4089319389465915,9.0578079414027132e-06,6.4288432115141714e-06,6.6728105234741267e-06,8.9121794372606386e-06,5.1244310481187265e-06,0,22,9.9999999999999998e-13
54,8,"DenseLayer( 64,1 )","biases",0.0002657606872327795,9.0331410650502553e-07,0.0033972536690661057,0.0038596795183095905,0.0062934849814809688,0.0036296507639123538,0,22,9.9999999999999998e-13
55,0,"Conv2DLayer(1,8,5, stride=5, padding=0)","all",1.3295257116815218,6.3382700121260267e-06,4.767319266520353e-06,5.0591602050768811e-06,7.6868560122675397e-06,7.3371271418151706e-06,0,22,9.9999999999999998e-13
55,0,"Conv2DLayer(1,8,5, stride=5, padding=0)","weights",1.3295252073172057,6.1899935520873566e-06,4.6557952653211369e-06,4.953967226462999e-06,7.59658699030797e-06,7.2515370557687605e-06,0,22,9.9999999999999998e-13
55,0,"Conv2DLayer(1,8,5, stride=5, padding=0)","biases",0.0011580687025174723,1.3075416950081435e-06,0.0011290108484082128,0.0011781323180608627,0.0017256487738334118,0.0012849718890138189,0,22,9.9999999999999998e-13
55,4,"DenseLayer( 7202,128 )","all",15.863930098766369,0.00072173606905546366,4.5495407651597771e-05,4.8045845806547506e-05,7.3176572107384882e-05,7.3176572107384882e-05,0,22,9.9999999999999998e-13
55,4,"DenseLayer( 7202,128 )","weights",15.863929818531155,0.00072168989875262307,4.5492498061408947e-05,4.8042576366248387e-05,7.3170809350762251e-05,7.3170809350762251e-05,0,22,9.9999999999999998e-13
55,4,"DenseLayer( 7202,128 )","biases",0.0029818174042510609,8.1061011428573069e-06,0.0027172823051822221,0.00297997317352476,0.0048770273984217573,0.0048770273984217573,0,22,9.9999999999999998e-13
55,6,"DenseLayer( 128,64 )","all",9.2551132692382581,7.8558948983668681e-05,8.4881661526788829e-06,8.9387080085460439e-06,1.329497768471102e-05,1.329497768471102e-05,0,22,9.9999999999999998e-13
55,6,"DenseLayer( 128,64 )","weights",9.2551128298258885,7.8368151053324897e-05,8.4675511508430875e-06,8.9155062098104043e-06,1.3258053765453158e-05,1.3258053765453158e-05,0,22,9.9999999999999998e-13
55,6,"DenseLayer( 128,64 )","biases",0.0028519438635976864,5.4057063122374494e-06,0.0018949709581314281,0.0020880250868654097,0.0033720086257624823,0.0032130408744333039,0,22,9.9999999999999998e-13
55,8,"DenseLayer( 64,1 )","all",1.4089604136865952,7.0398304576328858e-06,4.996466403665361e-06,5.3162194547189536e-06,8.3891092695297212e-06,8.3891092695297212e-06,0,22,9.9999999999999998e-13
55,8,"DenseLayer( 64,1 )","weights",1.4089603884612403,7.0001166238726607e-06,4.9682799156066692e-06,5.2814030234370872e-06,8.330169611117316e-06,8.330169611117316e-06,0,22,9.9999999999999998e-13
55,8,"DenseLayer( 64,1 )","biases",0.00026660829528488898,6.756202889267694e-07,0.0025311140007981234,0.0032065097065593364,0.0057123436781252009,0.0052658770444336455,0,22,9.9999999999999998e-13
56,0,"Conv2DLayer(1,8,5, stride=5, padding=0)","all",1.329529354705943,6.7525537269100315e-06,5.0789063694942237e-06,5.9430977756656332e-06,1.3502009124201607e-05,3.0433482625417619e-06,0,22,9.9999999999999998e-13
56,0,"Conv2DLayer(1,8,5, stride=5, padding=0)","weights",1.3295288477862564,6.6021241824708975e-06,4.9657633431427823e-06,5.8376431028265387e-06,1.32988405518158e-05,2.9862147084290127e-06,0,22,9.9999999999999998e-13
56,0,"Conv2DLayer(1,8,5, stride=5, padding=0)","biases",0.0011609986348676605,1.3634914297982029e-06,0.001174170864825371,0.0012759340947842614,0.0026719112347403868,0.00067022544368587362,0,22,9.9999999999999998e-13
56,4,"DenseLayer( 7202,128 )","all",15.863993288396525,0.00070295804070664926,4.4311542492204807e-05,4.5793449425298606e-05,6.3158010863042881e-05,4.844224205745931e-05,0,22,9.9999999999999998e-13
56,4,"DenseLayer( 7202,128 )","weights",15.86399300511736,0.00070291299375744871,4.4308703711833993e-05,4.5790409488468768e-05,6.3153772983197507e-05,4.8439445769105142e-05,0,22,9.9999999999999998e-13
56,4,"DenseLayer( 7202,128 )","biases",0.0029979693602020028,7.9077850736263718e-06,0.0026377738858812676,0.0027923863305660884,0.0043079456270909474,0.002762784431118707,0,22,9.9999999999999998e-13
56,6,"DenseLayer( 128,64 )","all",9.2551553263124369,7.8550132448836687e-05,8.4871748890238106e-06,8.8143098807154962e-06,1.3530037835221822e-05,7.7741004867098332e-06,0,22,9.9999999999999998e-13
56,6,"DenseLayer( 128,64 )","weights",9.2551548857379586,7.8349791911526539e-05,8.4655289221812619e-06,8.790844260301386e-06,1.3482712674853648e-05,7.7590254208826262e-06,0,22,9.9999999999999998e-13
56,6,"DenseLayer( 128,64 )","biases",0.0028557187035223373,5.5213910769737783e-06,0.0019332481302099158,0.0020825657522626747,0.0036575242252621554,0.0015719889983289693,0,22,9.9999999999999998e-13
56,8,"DenseLayer( 64,1 )","all",1.4089909763172097,7.2983055485812216e-06,5.1798069855820363e-06,5.486954665069147e-06,8.4940438109584184e-06,3.5541823487293298e-06,0,22,9.9999999999999998e-13
56,8,"DenseLayer( 64,1 )","weights",1.4089909511224883,7.2572782698651542e-06,5.1506889021280208e-06,5.4533175968209043e-06,8.4152384145795604e-06,3.5415770684092058e-06,0,22,9.9999999999999998e-13
56,8,"DenseLayer( 64,1 )","biases",0.00026644224470311946,7.1437203917991032e-07,0.0026789543738568763,0.0032041812151938969,0.0060991847090603986,0.0015987020469436955,0,22,9.9999999999999998e-13
57,0,"Conv2DLayer(1,8,5, stride=5, padding=0)","all",1.3295287205229243,9.776959339963681e-06,7.353706008241635e-06,8.136023410085229e-06,1.2198378463483652e-05,1.0833592699912884e-05,0,22,9.9999999999999998e-13
57,0,"Conv2DLayer(1,8,5, stride=5, padding=0)","weights",1.3295282095659013,9.6099392887543238e-06,7.2280854024404678e-06,8.0045793561160347e-06,1.2085228654621367e-05,1.0564425505771377e-05,0,22,9.9999999999999998e-13
57,0,"Conv2DLayer(1,8,5, stride=5, padding=0)","biases",0.0011656007217039565,1.7407992280314373e-06,0.0014934282878309463,0.0016606006515314244,0.0029231913582026311,0.0027160246203114732,0,22,9.9999999999999998e-13
57,4,"DenseLayer( 7202,128 )","all",15.864055714933826,0.00081657502882364664,5.1473285970107762e-05,5.3704797876680889e-05,9.3983901056845414e-05,9.3983901056845414e-05,0,22,9.9999999999999998e-13
57,4,"DenseLayer( 7202,128 )","weights",15.864055432892055,0.00081652107359376049,5.1469885785879363e-05,5.3701170990266176e-05,9.3976815226325813e-05,9.3976815226325813e-05,0,22,9.9999999999999998e-13
57,4,"DenseLayer( 7202,128 )","biases",0.0029914284907570417,9.3335234482325826e-06,0.0031203948624717219,0.0033108570548716675,0.006120171439973468,0.006120171439973468,0,22,9.9999999999999998e-13
57,6,"DenseLayer( 128,64 )","all",9.2551956328568394,9.2847352848064366e-05,1.0031916522839464e-05,1.0479852450118046e-05,1.9727108487529069e-05,1.9727108487529069e-05,0,22,9.9999999999999998e-13
57,6,"DenseLayer( 128,64 )","weights",9.2551951919488555,9.2605143231214729e-05,1.0005746881750137e-05,1.0451522888448442e-05,1.9668043167860205e-05,1.9668043167860205e-05,0,22,9.9999999999999998e-13
57,6,"DenseLayer( 128,64 )","biases",0.0028568016962776687,6.6492918401757848e-06,0.0023273517506193259,0.0024936402699250338,0.0049127694698319086,0.0049127694698319086,0,22,9.9999999999999998e-13
57,8,"DenseLayer( 64,1 )","all",1.4090171003565228,8.5330575262822466e-06,6.0560331718235442e-06,6.3118490420148206e-06,1.1160837567322002e-05,1.1160837567322002e-05,0,22,9.9999999999999998e-13
57,8,"DenseLayer( 64,1 )","weights",1.4090170751202045,8.4865504637392418e-06,6.0230265925790915e-06,6.2744251446564363e-06,1.106749652326064e-05,1.106749652326064e-05,0,22,9.9999999999999998e-13
57,8,"DenseLayer( 64,1 )","biases",0.00026666974008549005,8.4262865129858255e-07,0.0031599620544256538,0.0036239503878532555,0.0075168778629418256,0.0075168778629418256,0,22,9.9999999999999998e-13
58,0,"Conv2DLayer(1,8,5, stride=5, padding=0)","all",1.3295257785981514,6.346664333272088e-06,4.7736255064816207e-06,5.520414106463542e-06,1.4373008182640845e-05,2.5484664807508055e-06,0,22,9.9999999999999998e-13
58,0,"Conv2DLayer(1,8,5, stride=5, padding=0)","weights",1.329525264590524,6.1719497087525638e-06,4.6422161621246978e-06,5.3914451622467795e-06,1.4035417981742432e-05,2.4336008280124056e-06,0,22,9.9999999999999998e-13
58,0,"Conv2DLayer(1,8,5, stride=5, padding=0)","biases",0.0011690890472913535,1.4023534254341093e-06,0.0011991395220334786,0.0013479703843596166,0.0035123015758734824,0.00086197130605760136,0,22,9.9999999999999998e-13
58,4,"DenseLayer( 7202,128 )","all",15.864110301293254,0.00084271116655978647,5.3120617326667195e-05,5.5849239901109523e-05,9.578568556271637e-05,5.2842129496898129e-05,0,22,9.9999999999999998e-13
58,4,"DenseLayer( 7202,128 )","weights",15.86411002001288,0.00084265230772919547,5.3116908079496483e-05,5.5845175226796477e-05,9.57781148310978e-05,5.2839160748247667e-05,0,22,9.9999999999999998e-13
58,4,"DenseLayer( 7202,128 )","biases",0.0029873906656132871,9.9065317197058778e-06,0.0033161831276073421,0.0035786955359567241,0.0063958806286085208,0.0029739048931507585,0,22,9.9999999999999998e-13
58,6,"DenseLayer( 128,64 )","all",9.2552334258566429,9.5796242592359519e-05,1.0350495994924768e-05,1.0997602186978337e-05,2.110661876537305e-05,9.0823097899468762e-06,0,22,9.9999999999999998e-13
58,6,"DenseLayer( 128,64 )","weights",9.255232988228304,9.552810647455435e-05,1.0321525180088454e-05,1.0964805217839785e-05,2.1041389906084799e-05,9.056481816364234e-06,0,22,9.9999999999999998e-13
58,6,"DenseLayer( 128,64 )","biases",0.0028461615064802217,7.0595224290725711e-06,0.0024783026093653181,0.0027553031384386535,0.005357125937666179,0.0022321220023055629,0,22,9.9999999999999998e-13
58,8,"DenseLayer( 64,1 )","all",1.4090407904120346,8.7126858531197644e-06,6.1834188496769852e-06,6.6126039177518804e-06,1.2217684376822225e-05,5.4078336532656593e-06,0,22,9.9999999999999998e-13
58,8,"DenseLayer( 64,1 )","weights",1.409040765407831,8.6528913660742009e-06,6.1409826058489664e-06,6.5627779283776112e-06,1.2120585601629057e-05,5.3837246738087842e-06,0,22,9.9999999999999998e-13
58,8,"DenseLayer( 64,1 )","biases",0.00026543724710460413,9.7873271442949772e-07,0.0036779971660799524,0.0042830669950413222,0.0080830596117229449,0.0027271095896083818,0,22,9.9999999999999998e-13
59,0,"Conv2DLayer(1,8,5, stride=5, padding=0)","all",1.3295259030721291,6.7849570268592218e-06,5.1032862746844703e-06,5.8558756521293931e-06,1.0782224415206561e-05,1.0391732167694151e-05,0,22,9.9999999999999998e-13
59,0,"Conv2DLayer(1,8,5, stride=5, padding=0)","weights",1.3295253870227404,6.614938587272124e-06,4.9754093381763527e-06,5.7260014723970274e-06,1.0663305876416009e-05,1.0161436654076888e-05,0,22,9.9999999999999998e-13
59,0,"Conv2DLayer(1,8,5, stride=5, padding=0)","biases",0.0011714003599987532,1.4664070072335907e-06,0.001250071581405494,0.0013876149608535423,0.0028385250397609716,0.0024443820769929764,0,22,9.9999999999999998e-13
59,4,"DenseLayer( 7202,128 )","all",15.864150818804402,0.00076757213243859774,4.8384072437276652e-05,4.9514395899000812e-05,7.1592086652255224e-05,5.4262549159421635e-05,0,22,9.9999999999999998e-13
59,4,"DenseLayer( 7202,128 )","weights",15.86415053721875,0.00076752131873745316,4.8380870243607991e-05,4.951107671857631e-05,7.1586654299402922e-05,5.4259635555192733e-05,0,22,9.9999999999999998e-13
59,4,"DenseLayer( 7202,128 )","biases",0.0029890157661566865,8.8092045108606591e-06,0.0029468088061175967,0.0030424212145626602,0.0046760291076114718,0.0029841579280026642,0,22,9.9999999999999998e-13
59,6,"DenseLayer( 128,64 )","all",9.2552656112668608,8.5336694052955351e-05,9.2203401991439307e-06,9.4230250723530354e-06,1.422520106799187e-05,1.0352779342012896e-05,0,22,9.9999999999999998e-13
59,6,"DenseLayer( 128,64 )","weights",9.2552651738416927,8.5104915338078422e-05,9.1952977228499551e-06,9.3966645991930017e-06,1.417799654424732e-05,1.0338420408111493e-05,0,22,9.9999999999999998e-13
59,6,"DenseLayer( 128,64 )","biases",0.0028455121803573225,6.2270248966357223e-06,0.0021881673512006159,0.0022905934622647305,0.0037626170662487224,0.0017673395930385507,0,22,9.9999999999999998e-13
59,8,"DenseLayer( 64,1 )","all",1.4090694264754444,8.0250810060116962e-06,5.6953063376279114e-06,5.8909862505199307e-06,8.5804315888795445e-06,6.8159285079612473e-06,0,22,9.9999999999999998e-13
59,8,"DenseLayer( 64,1 )","weights",1.4090694010282641,7.9828520665672806e-06,5.6653369851060837e-06,5.8575227594024926e-06,8.5042902000430158e-06,6.8140107059341372e-06,0,22,9.9999999999999998e-13
59,8,"DenseLayer( 64,1 )","biases",0.00026778731394601476,7.5300472830845555e-07,0.0028151508726148499,0.0033058484761233145,0.0059906926204040256,0.00083979152829720893,0,22,9.9999999999999998e-13
60,0,"Conv2DLayer(1,8,5, stride=5, padding=0)","all",1.3295330565110488,8.4453684288054554e-06,6.3521210093524148e-06,7.4681903356431328e-06,1.3000001511147389e-05,7.4026046639950195e-06,0,22,9.9999999999999998e-13
60,0,"Conv2DLayer(1,8,5, stride=5, padding=0)","weights",1.3295325296959273,8.2725724809391032e-06,6.2221562596155763e-06,7.3285481193755735e-06,1.2787396284547503e-05,7.3398733887247725e-06,0,22,9.9999999999999998e-13
60,0,"Conv2DLayer(1,8,5, stride=5, padding=0)","biases",0.0011835580730213263,1.667923552124833e-06,0.001407704158191334,0.0016116766634184231,0.0029189594893072584,0.0010871759611940763,0,22,9.9999999999999998e-13
60,4,"DenseLayer( 7202,128 )","all",15.864236262155215,0.00075590551591164443,4.7648408566471435e-05,4.8857726468256201e-05,6.8181639835744978e-05,4.1822988073003984e-05,0,22,9.9999999999999998e-13
60,4,"DenseLayer( 7202,128 )","weights",15.864235978775589,0.00075586104389895915,4.7645606129352346e-05,4.8854822608526256e-05,6.8177786566930615e-05,4.1820725313147145e-05,0,22,9.9999999999999998e-13
60,4,"DenseLayer( 7202,128 )","biases",0.0029985293725339184,8.166035080931076e-06,0.0027241109086051261,0.0028200608259463782,0.0038396435868406731,0.0022967465830293341,0,22,9.9999999999999998e-13
60,6,"DenseLayer( 128,64 )","all",9.2553131233023862,8.184216195639676e-05,8.8427225608978818e-06,9.0383633913994663e-06,1.1804472383774406e-05,7.6976820410670117e-06,0,22,9.9999999999999998e-13
60,6,"DenseLayer( 128,64 )","weights",9.255312683384382,8.1677708060730705e-05,8.8249543870550682e-06,9.0199516808983454e-06,1.1778998640656932e-05,7.6868384010464188e-06,0,22,9.9999999999999998e-13
60,6,"DenseLayer( 128,64 )","biases",0.0028536168425304801,5.138933973910659e-06,0.001800381041596779,0.0018692690361298422,0.0027157771208747594,0.0013269700262702256,0,22,9.9999999999999998e-13
60,8,"DenseLayer( 64,1 )","all",1.4091036609720697,7.8408351386424192e-06,5.5644156494864908e-06,5.7124879203411503e-06,7.730119725126159e-06,4.8702514925543572e-06,0,22,9.9999999999999998e-13
60,8,"DenseLayer( 64,1 )","weights",1.4091036353722941,7.8253311039222987e-06,5.5534129882813117e-06,5.7006489038551977e-06,7.7301062312994568e-06,4.8609839526499817e-06,0,22,9.9999999999999998e-13
60,8,"DenseLayer( 64,1 )","biases",0.00026859431024852461,4.0266207757998596e-07,0.0014977425092176689,0.0019242124135592897,0.0039530460539820402,0.001584437381432813,0,22,9.9999999999999998e-13
61,0,"Conv2DLayer(1,8,5, stride=5, padding=0)","all",1.329533145487497,6.5749206408576182e-06,4.9452881262966244e-06,5.6151327374815021e-06,1.0182744413929167e-05,2.2890727569282233e-06,0,22,9.9999999999999998e-13
61,0,"Conv2DLayer(1,8,5, stride=5, padding=0)","weights",1.3295326169246255,6.4215262797938626e-06,4.8299154709971387e-06,5.5081109663214609e-06,1.0076231004248111e-05,2.2513935046266455e-06,0,22,9.9999999999999998e-13
61,0,"Conv2DLayer(1,8,5, stride=5, padding=0)","biases",0.0011855241853535035,1.3479006476162247e-06,0.0011372444862451576,0.0012240840037443261,0.0021137977839279696,0.00046223519466617947,0,22,9.9999999999999998e-13
61,4,"DenseLayer( 7202,128 )","all",15.864296847051431,0.00072397613796840535,4.563556554986053e-05,4.6610110675567597e-05,7.1399812766703561e-05,4.9826131903753091e-05,0,22,9.9999999999999998e-13
61,4,"DenseLayer( 7202,128 )","weights",15.864296562618073,0.00072393029910082442,4.5632676932128427e-05,4.660708452164524e-05,7.1393946028746143e-05,4.9822556842240387e-05,0,22,9.9999999999999998e-13
61,4,"DenseLayer( 7202,128 )","biases",0.0030041077289814744,8.1130754966317006e-06,0.0027009967015810799,0.0028058907969789743,0.0048393900531946655,0.0031524775736294741,0,22,9.9999999999999998e-13
61,6,"DenseLayer( 128,64 )","all",9.2553486857883733,7.4910367331507157e-05,8.0937379546044778e-06,8.2445101833646805e-06,1.2171478072865444e-05,9.3841163848221749e-06,0,22,9.9999999999999998e-13
61,6,"DenseLayer( 128,64 )","weights",9.2553482454607003,7.4730944526983357e-05,8.074352491433973e-06,8.2238531342960056e-06,1.2123752120262571e-05,9.3582088291196622e-06,0,22,9.9999999999999998e-13
61,6,"DenseLayer( 128,64 )","biases",0.0028549496816387666,5.1001539455492348e-06,0.0017864731714935993,0.0018909719039319226,0.0034942188399810109,0.0022567432597075101,0,22,9.9999999999999998e-13
61,8,"DenseLayer( 64,1 )","all",1.4091331607744861,7.2485498879656433e-06,5.1439771742664069e-06,5.262027269424695e-06,7.8170339766170299e-06,5.8142979781059812e-06,0,22,9.9999999999999998e-13
61,8,"DenseLayer( 64,1 )","weights",1.409133135159,7.2183971114888062e-06,5.1225791831418656e-06,5.2382840622269204e-06,7.7483861828873715e-06,5.7873772476803513e-06,0,22,9.9999999999999998e-13
61,8,"DenseLayer( 64,1 )","biases",0.00026867451775946063,6.0506598939272493e-07,0.0022532674384165351,0.0026208370928813294,0.0054419003822019224,0.0029360569143006446,0,22,9.9999999999999998e-13
62,0,"Conv2DLayer(1,8,5, stride=5, padding=0)","all",1.3295361452447327,9.5856346928267925e-06,7.209760329354903e-06,8.0039473068429367e-06,1.8914187433157972e-05,4.7937135080990019e-06,0,22,9.9999999999999998e-13
62,0,"Conv2DLayer(1,8,5, stride=5, padding=0)","weights",1.329535610717463,9.3759087726263778e-06,7.0520193683733954e-06,7.842604686221419e-06,1.8597171238855478e-05,4.4380153192044855e-06,0,22,9.9999999999999998e-13
62,0,"Conv2DLayer(1,8,5, stride=5, padding=0)","biases",0.001192188417884682,1.9496918292154103e-06,0.00163552967599985,0.001783214766747362,0.0038415720641784851,0.0020370418357787494,0,22,9.9999999999999998e-13
62,4,"DenseLayer( 7202,128 )","all",15.864372429347906,0.000929407006591646,5.858453793685168e-05,6.0503399149088517e-05,0.00010496186896979009,0.00010496186896979009,0,22,9.9999999999999998e-13
62,4,"DenseLayer( 7202,128 )","weights",15.864372143857336,0.00092935332200378589,5.8581155019994502e-05,6.0499790964519824e-05,0.00010495409703114871,0.00010495409703114871,0,22,9.9999999999999998e-13
62,4,"DenseLayer( 7202,128 )","biases",0.0030096914071368955,9.9575877014290022e-06,0.0033076551243265816,0.0034816723892356826,0.0067194240646916937,0.0067194240646916937,0,22,9.9999999999999998e-13
62,6,"DenseLayer( 128,64 )","all",9.2553931833075751,0.00010025243389432814,1.0831784835288286e-05,1.109099388384784e-05,1.8093756257756784e-05,1.8093756257756784e-05,0,22,9.9999999999999998e-13
62,6,"DenseLayer( 128,64 )","weights",9.2553927435780317,0.0001000082421311594,1.0805401627608901e-05,1.1062549373097573e-05,1.8024282308367722e-05,1.8024282308367722e-05,0,22,9.9999999999999998e-13
62,6,"DenseLayer( 128,64 )","biases",0.0028530110522653183,6.9017097856930895e-06,0.0024194812848366567,0.00257595856012396,0.0051523740774880719,0.0051523740774880719,0,22,9.9999999999999998e-13
62,8,"DenseLayer( 64,1 )","all",1.409163319782522,8.8886013914642363e-06,6.3077122452811108e-06,6.5843630494266066e-06,1.2055589275451947e-05,1.2055589275451947e-05,0,22,9.9999999999999998e-13
62,8,"DenseLayer( 64,1 )","weights",1.4091632944660566,8.8543690764954045e-06,6.2834197322994658e-06,6.5548001228051842e-06,1.1955962882374941e-05,1.1955962882374941e-05,0,22,9.9999999999999998e-13
62,8,"DenseLayer( 64,1 )","biases",0.00026710950293239546,6.684170908887278e-07,0.0024986315982968854,0.0032799574040319832,0.0081529694247316244,0.0081529694247316244,0,22,9.9999999999999998e-13
63,0,"Conv2DLayer(1,8,5, stride=5, padding=0)","all",1.3295370024361115,8.5447551366402534e-06,6.4268679108290311e-06,7.2904080099130687e-06,1.5142941018582413e-05,3.7553795184278572e-06,0,22,9.9999999999999998e-13
63,0,"Conv2DLayer(1,8,5, stride=5, padding=0)","weights",1.3295364665637919,8.2782091082593177e-06,6.2263899697603253e-06,7.101713531687237e-06,1.4868266788345458e-05,3.6976778269164274e-06,0,22,9.9999999999999998e-13
63,0,"Conv2DLayer(1,8,5, stride=5, padding=0)","biases",0.0011936932438751263,2.0408645830792164e-06,0.0017107091607651446,0.0018376461892703195,0.0032080323611078693,0.00073086237758842373,0,22,9.9999999999999998e-13
63,4,"DenseLayer( 7202,128 )","all",15.864412426487508,0.0011930406535752152,7.5202324336807699e-05,7.7467054030967236e-05,0.00010804153046848566,4.9846798293722674e-05,0,22,9.9999999999999998e-13
63,4,"DenseLayer( 7202,128 )","weights",15.864412141769737,0.0011929649141531444,7.5197551516426785e-05,7.7462039473770564e-05,0.00010803475942483954,4.9844305698379722e-05,0,22,9.9999999999999998e-13
63,4,"DenseLayer( 7202,128 )","biases",0.0030056147898741337,1.3389850255219984e-05,0.0044534561687212685,0.0046503792431055509,0.0068897873589604764,0.002637195819964452,0,22,9.9999999999999998e-13
63,6,"DenseLayer( 128,64 )","all",9.255429148532297,0.00011925588598536568,1.2884965997722789e-05,1.3391960503678015e-05,1.9233450482045913e-05,7.5616254259093356e-06,0,22,9.9999999999999998e-13
63,6,"DenseLayer( 128,64 )","weights",9.2554287041104129,0.00011891767606026281,1.2848424827176099e-05,1.3351973120300782e-05,1.9163118583818606e-05,7.5487346954743067e-06,0,22,9.9999999999999998e-13
63,6,"DenseLayer( 128,64 )","biases",0.0028681915528594934,8.8962081145775842e-06,0.0031026502911867281,0.0033393551898118824,0.0053001462932518754,0.0014367230899700134,0,22,9.9999999999999998e-13
63,8,"DenseLayer( 64,1 )","all",1.4091976780375028,1.0685782695130246e-05,7.5828863373810121e-06,8.0661502368374482e-06,1.2980995673026933e-05,3.8283021099051506e-06,0,22,9.9999999999999998e-13
63,8,"DenseLayer( 64,1 )","weights",1.4091976517490026,1.0624624066401038e-05,7.5394868940650679e-06,8.0156305077262636e-06,1.2877833901320076e-05,3.825561357949821e-06,0,22,9.9999999999999998e-13
63,8,"DenseLayer( 64,1 )","biases",0.00027218249637040901,1.0791224088858475e-06,0.0039689902756815968,0.0046768732640275045,0.0084507144595866203,0.00077026777376687408,0,22,9.9999999999999998e-13
64,0,"Conv2DLayer(1,8,5, stride=5, padding=0)","all",1.329533292931496,6.1927464012910813e-06,4.6578346852966234e-06,5.1501713268888829e-06,1.2047130334760981e-05,1.2047130334760981e-05,0,22,9.9999999999999998e-13
64,0,"Conv2DLayer(1,8,5, stride=5, padding=0)","weights",1.3295327538788264,6.047886669671321e-06,4.5488812160333174e-06,5.0402875065634997e-06,1.1809595056202124e-05,1.1809595056202124e-05,0,22,9.9999999999999998e-13
64,0,"Conv2DLayer(1,8,5, stride=5, padding=0)","biases",0.0011972354656062663,1.2967297383979455e-06,0.0010831587316646294,0.0011751965511106344,0.0026425576273330855,0.0026425576273330855,0,22,9.9999999999999998e-13
64,4,"DenseLayer( 7202,128 )","all",15.864493841082938,0.00072600665604893671,4.5762988960929262e-05,4.6261784877436844e-05,5.6522475689512823e-05,5.4545546585850948e-05,0,22,9.9999999999999998e-13
64,4,"DenseLayer( 7202,128 )","weights",15.864493556478562,0.00072597029165410293,4.5760697594429652e-05,4.6259448866271726e-05,5.6519584114760851e-05,5.4542420103631794e-05,0,22,9.9999999999999998e-13
64,4,"DenseLayer( 7202,128 )","biases",0.003005028713286824,7.2476871047270481e-06,0.0024117925816535242,0.002454673185559593,0.0030769812937179982,0.0030769812937179982,0,22,9.9999999999999998e-13
64,6,"DenseLayer( 128,64 )","all",9.2554587763631506,7.5566700268936873e-05,8.1645543543399016e-06,8.2623634803063849e-06,1.0658414571556155e-05,1.0658414571556155e-05,0,22,9.9999999999999998e-13
64,6,"DenseLayer( 128,64 )","weights",9.2554583387615121,7.5390139928643943e-05,8.1454783952572065e-06,8.2429484580164897e-06,1.0640395497027207e-05,1.0640395497027207e-05,0,22,9.9999999999999998e-13
64,6,"DenseLayer( 128,64 )","biases",0.0028461174207968136,5.1239391111797907e-06,0.0018001864646024701,0.0018406552953788814,0.0024889577448618761,0.0020075309821239854,0,22,9.9999999999999998e-13
64,8,"DenseLayer( 64,1 )","all",1.4092161546931508,6.8261414494584816e-06,4.8439232276372042e-06,4.9504295446615409e-06,7.2136636956520622e-06,7.2136636956520622e-06,0,22,9.9999999999999998e-13
64,8,"DenseLayer( 64,1 )","weights",1.409216129178849,6.8038180361587812e-06,4.8280822946838562e-06,4.9340633625683479e-06,7.2100877874576456e-06,7.2100877874576456e-06,0,22,9.9999999999999998e-13
64,8,"DenseLayer( 64,1 )","biases",0.00026815069643568927,4.9698362338610669e-07,0.0018542882929875014,0.0021145376852543516,0.003675253795851441,0.001175603674143657,0,22,9.9999999999999998e-13
65,0,"Conv2DLayer(1,8,5, stride=5, padding=0)","all",1.3295387962729885,9.6689831305647962e-06,7.2724331925759351e-06,8.2823273535989564e-06,1.5199304482836489e-05,8.7856560129812315e-06,0,22,9.9999999999999998e-13
65,0,"Conv2DLayer(1,8,5, stride=5, padding=0)","weights",1.3295382495047761,9.4314398676889409e-06,7.0937701025284858e-06,8.0990065084296983e-06,1.4988654478636013e-05,8.6029161001816909e-06,0,22,9.9999999999999998e-13
65,0,"Conv2DLayer(1,8,5, stride=5, padding=0)","biases",0.0012057653902439575,2.0861288082726139e-06,0.0017297473169345912,0.0019101874249804619,0.0035837386161508334,0.0019798294193546988,0,22,9.9999999999999998e-13
65,4,"DenseLayer( 7202,128 )","all",15.864550187569312,0.00071129358370849115,4.4835402411445732e-05,4.6035101494640453e-05,7.0249758399502078e-05,4.9052451252581231e-05,0,22,9.9999999999999998e-13
65,4,"DenseLayer( 7202,128 )","weights",15.864549901357853,0.00071125183492018853,4.4832771643894364e-05,4.6032330857125465e-05,7.0245622095483772e-05,4.9049681290728386e-05,0,22,9.9999999999999998e-13
65,4,"DenseLayer( 7202,128 )","biases",0.0030135065605132252,7.6737820534996225e-06,0.002545919415437622,0.0026581571695224282,0.0045591521069303529,0.0027436873034626091,0,22,9.9999999999999998e-13
65,6,"DenseLayer( 128,64 )","all",9.2555046057113817,8.2292005104418411e-05,8.8911414381290718e-06,9.1806720567837015e-06,1.5930806474480308e-05,8.1296197210898913e-06,0,22,9.9999999999999998e-13
65,6,"DenseLayer( 128,64 )","weights",9.2555041644389053,8.21161249677183e-05,8.8721391037597108e-06,9.1598771088392162e-06,1.5881387792686654e-05,8.1202596158533448e-06,0,22,9.9999999999999998e-13
65,6,"DenseLayer( 128,64 )","biases",0.0028580274351738791,5.3234947501852543e-06,0.0018623963928826766,0.0019996358664666073,0.0040619147299796399,0.0012715725159839306,0,22,9.9999999999999998e-13
65,8,"DenseLayer( 64,1 )","all",1.4092540467532293,7.6471695348566019e-06,5.4263948227831145e-06,5.6457901595528311e-06,1.0055819425600683e-05,5.4983093661911641e-06,0,22,9.9999999999999998e-13
65,8,"DenseLayer( 64,1 )","weights",1.4092540204872721,7.6233935933857808e-06,5.4095236491707044e-06,5.6261045061686894e-06,9.9916699738859463e-06,5.4924767311530638e-06,0,22,9.9999999999999998e-13
65,8,"DenseLayer( 64,1 )","biases",0.00027208053903781217,5.3552503231912851e-07,0.0019673121037688721,0.0024361394863588199,0.0058536716407027603,0.0013288856491731047,0,22,9.9999999999999998e-13
66,0,"Conv2DLayer(1,8,5, stride=5, padding=0)","all",1.3295418582019973,1.1802488147469146e-05,8.8771185044258478e-06,1.0244629443267423e-05,2.0198642271245335e-05,1.7417283639902912e-05,0,22,9.9999999999999998e-13
66,0,"Conv2DLayer(1,8,5, stride=5, padding=0)","weights",1.3295413040568436,1.1561710995176495e-05,8.6960241184490451e-06,1.0064438690564295e-05,1.9973305543395191e-05,1.7218893768709301e-05,0,22,9.9999999999999998e-13
66,0,"Conv2DLayer(1,8,5, stride=5, padding=0)","biases",0.0012138712951407151,2.3075439927152158e-06,0.0019035925076076204,0.00210083264041964,0.0034263216580095778,0.0028775963615222081,0,22,9.9999999999999998e-13
66,4,"DenseLayer( 7202,128 )","all",15.864621808121706,0.00094177380565073257,5.9363135312824023e-05,6.0679597351494854e-05,8.8687455242722425e-05,7.5264539354106234e-05,0,22,9.9999999999999998e-13
66,4,"DenseLayer( 7202,128 )","weights",15.864621521875671,0.00094170894047784098,5.9359047716397543e-05,6.0675373681816987e-05,8.8681562549841996e-05,7.5260130506163555e-05,0,22,9.9999999999999998e-13
66,4,"DenseLayer( 7202,128 )","biases",0.0030136954062300737,1.1003929448829849e-05,0.0036512854120307253,0.0037691563327323053,0.0053803721495784612,0.0042834751047393033,0,22,9.9999999999999998e-13
66,6,"DenseLayer( 128,64 )","all",9.255545862447276,0.00010273746192336954,1.1100096118780668e-05,1.1246761421007637e-05,1.4831356868559103e-05,1.2613953059325821e-05,0,22,9.9999999999999998e-13
66,6,"DenseLayer( 128,64 )","weights",9.2555454236415038,0.00010247269570986894,1.1071490428734764e-05,1.1217011520684354e-05,1.4793265857065685e-05,1.2585423873472111e-05,0,22,9.9999999999999998e-13
66,6,"DenseLayer( 128,64 )","biases",0.0028500313438407352,7.286052453726904e-06,0.0025561744675972604,0.0026539863587670292,0.0040714048783715186,0.0027601169598196374,0,22,9.9999999999999998e-13
66,8,"DenseLayer( 64,1 )","all",1.4092849124408884,1.0083412009586778e-05,7.1549818974153968e-06,7.2527024223863645e-06,9.4006647530392269e-06,7.0686151314024621e-06,0,22,9.9999999999999998e-13
66,8,"DenseLayer( 64,1 )","weights",1.409284886495592,1.0042800010837307e-05,7.1261646401264528e-06,7.2219392855500669e-06,9.312909344918206e-06,7.0565985498722771e-06,0,22,9.9999999999999998e-13
66,8,"DenseLayer( 64,1 )","biases",0.00027040968680838972,8.0108293332159519e-07,0.0029609320119660591,0.0034743397235990642,0.0066906270195927313,0.0021583291870693687,0,22,9.9999999999999998e-13
67,0,"Conv2DLayer(1,8,5, stride=5, padding=0)","all",1.3295352483401479,5.9411718207721093e-06,4.4686077947412173e-06,5.0100357115353485e-06,1.0024917724594444e-05,3.8743821037597933e-06,0,22,9.9999999999999998e-13
67,0,"Conv2DLayer(1,8,5, stride=5, padding=0)","weights",1.3295346941423249,5.7313468947213575e-06,4.3107913187041931e-06,4.871088497645788e-06,9.8578657347917273e-06,3.5796903987653509e-06,0,22,9.9999999999999998e-13
67,0,"Conv2DLayer(1,8,5, stride=5, padding=0)","biases",0.0012139369801446554,1.4622523951697723e-06,0.0012045162861607955,0.0012832651050168841,0.0019925100222959484,0.0016217657662951095,0,22,9.9999999999999998e-13
67,4,"DenseLayer( 7202,128 )","all",15.864675797720261,0.00068758619411529135,4.3340696747857484e-05,4.5783719935921695e-05,7.3911895453941944e-05,6.2021251957410171e-05,0,22,9.9999999999999998e-13
67,4,"DenseLayer( 7202,128 )","weights",15.864675510388389,0.00068753940739352194,4.3337748420690096e-05,4.5780426718247521e-05,7.3906673744476069e-05,6.2016316762955842e-05,0,22,9.9999999999999998e-13
67,4,"DenseLayer( 7202,128 )","biases",0.0030194086732340648,7.9634082943372534e-06,0.00263688329641422,0.0028847082266412315,0.0049520814126691511,0.0041085961165144734,0,22,9.9999999999999998e-13
67,6,"DenseLayer( 128,64 )","all",9.2555787365698201,8.0428437100045947e-05,8.6897231489607256e-06,9.1563241986481638e-06,1.5225952122142612e-05,1.224977226058583e-05,0,22,9.9999999999999998e-13
67,6,"DenseLayer( 128,64 )","weights",9.2555783004067589,8.0201712242250719e-05,8.6652275458154241e-06,9.1282455314787407e-06,1.5170979821238959e-05,1.2210941486710631e-05,0,22,9.9999999999999998e-13
67,6,"DenseLayer( 128,64 )","biases",0.0028414511160606074,5.9352305101456002e-06,0.0020883356489655312,0.0023331504199744068,0.0042055106118525721,0.0031803404199913774,0,22,9.9999999999999998e-13
67,8,"DenseLayer( 64,1 )","all",1.4093092346718963,8.0683153827282082e-06,5.7250079270215196e-06,6.0531426138509386e-06,1.0170834334990771e-05,7.2396505960125711e-06,0,22,9.9999999999999998e-13
67,8,"DenseLayer( 64,1 )","weights",1.4093092087966075,8.0202020981383794e-06,5.6908685075414559e-06,6.0111803101694118e-06,1.0079041795310153e-05,7.1664230841892272e-06,0,22,9.9999999999999998e-13
67,8,"DenseLayer( 64,1 )","biases",0.00027005291221113026,7.9221684824336658e-07,0.0029322173330624101,0.0037102020035344268,0.0070906644882724789,0.0053947023753676349,0,22,9.9999999999999998e-13
68,0,"Conv2DLayer(1,8,5, stride=5, padding=0)","all",1.3295399592707406,7.7036226957064086e-06,5.7942035317278043e-06,6.1112717782192267e-06,1.0204297853536714e-05,6.914820642215566e-06,0,22,9.9999999999999998e-13
68,0,"Conv2DLayer(1,8,5, stride=5, padding=0)","weights",1.3295393970103229,7.4990448941981686e-06,5.6403347424439571e-06,5.9630840185969744e-06,1.0008878994484383e-05,6.8383501635595358e-06,0,22,9.9999999999999998e-13
68,0,"Conv2DLayer(1,8,5, stride=5, padding=0)","biases",0.0012227366961958994,1.6827944669919601e-06,0.001376611414185393,0.0014552556866794589,0.0023747804985363003,0.0011208809220924012,0,22,9.9999999999999998e-13
68,4,"DenseLayer( 7202,128 )","all",15.864748107909161,0.00093315248679042408,5.8819236459962993e-05,6.1321282208386859e-05,9.1091828743589947e-05,9.1091828743589947e-05,0,22,9.9999999999999998e-13
68,4,"DenseLayer( 7202,128 )","weights",15.864747818181931,0.00093308119925676863,5.8814744079384001e-05,6.1316448245791051e-05,9.1084250046624584e-05,9.1084250046624584e-05,0,22,9.9999999999999998e-13
68,4,"DenseLayer( 7202,128 )","biases",0.0030319768262323387,1.1485607907551899e-05,0.0037884153523816311,0.0040295580463175738,0.0061579256799384361,0.0061579256799384361,0,22,9.9999999999999998e-13
68,6,"DenseLayer( 128,64 )","all",9.2556274237419238,0.00011053270196528168,1.1942215048459887e-05,1.243193039714531e-05,1.7456795322475772e-05,1.7456795322475772e-05,0,22,9.9999999999999998e-13
68,6,"DenseLayer( 128,64 )","weights",9.2556269844540608,0.00011020113406508332,1.1906392233188927e-05,1.2393126771007171e-05,1.7400060497534184e-05,1.7400060497534184e-05,0,22,9.9999999999999998e-13
68,6,"DenseLayer( 128,64 )","biases",0.0028516169116616489,8.5096819231880894e-06,0.002984916000408329,0.0031868249673917041,0.0046724213276010552,0.0045878841875146023,0,22,9.9999999999999998e-13
68,8,"DenseLayer( 64,1 )","all",1.409343721534398,1.0097904128726851e-05,7.1649672523499612e-06,7.5025286467952518e-06,1.0987867296677044e-05,1.0706549833500004e-05,0,22,9.9999999999999998e-13
68,8,"DenseLayer( 64,1 )","weights",1.409343695425916,1.0021531237130633e-05,7.1107770153156052e-06,7.442314103553613e-06,1.0883801988354074e-05,1.0611706854771357e-05,0,22,9.9999999999999998e-13
68,8,"DenseLayer( 64,1 )","biases",0.00027126680652145296,1.2020768322558566e-06,0.0044350714950298249,0.0049348724395454286,0.0078594425246865593,0.0074837577665302774,0,22,9.9999999999999998e-13
69,0,"Conv2DLayer(1,8,5, stride=5, padding=0)","all",1.3295362525424197,1.0589739883274885e-05,7.9649869472269881e-06,8.7806910850430456e-06,1.666939587732251e-05,5.6382157919618066e-06,0,22,9.9999999999999998e-13
69,0,"Conv2DLayer(1,8,5, stride=5, padding=0)","weights",1.3295356910675167,1.025501418700103e-05,7.7132289582890334e-06,8.5570533484058045e-06,1.6259710308259257e-05,5.3878110013583279e-06,0,22,9.9999999999999998e-13
69,0,"Conv2DLayer(1,8,5, stride=5, padding=0)","biases",0.0012218780048913332,2.4810033237083084e-06,0.0020306931652569618,0.00214313319552313,0.003996974030508485,0.0017972438920460256,0,22,9.9999999999999998e-13
69,4,"DenseLayer( 7202,128 )","all",15.864811709388595,0.0010161736027152824,6.4052048674869232e-05,6.5948381482592449e-05,9.342907241296617e-05,6.3791177739154991e-05,0,22,9.9999999999999998e-13
69,4,"DenseLayer( 7202,128 )","weights",15.864811420654911,0.001016097479829709,6.404725161830294e-05,6.5943297910031159e-05,9.3421282367157473e-05,6.3785986192628456e-05,0,22,9.9999999999999998e-13
69,4,"DenseLayer( 7202,128 )","biases",0.003026777373326627,1.2388524657426761e-05,0.0040928786056640774,0.0042920280101736352,0.0063172523201216729,0.0042698722391699842,0,22,9.9999999999999998e-13
69,6,"DenseLayer( 128,64 )","all",9.2556673662194715,0.00011955328979435786,1.2916766520378838e-05,1.3258926512578778e-05,1.757015570136388e-05,1.2729559562057708e-05,0,22,9.9999999999999998e-13
69,6,"DenseLayer( 128,64 )","weights",9.2556669312634838,0.00011917107040083776,1.2875471408651447e-05,1.3214747470883416e-05,1.7493958019873298e-05,1.2691870303243757e-05,0,22,9.9999999999999998e-13
69,6,"DenseLayer( 128,64 )","biases",0.0028375123744910457,9.4692714765221031e-06,0.0033365322707134657,0.0035260385012774224,0.0053104686968737857,0.0031946455102026634,0,22,9.9999999999999998e-13
69,8,"DenseLayer( 64,1 )","all",1.4093697822726772,1.1443447844994223e-05,8.1195514798864623e-06,8.4109226669216905e-06,1.1873694046302922e-05,7.5841531689310168e-06,0,22,9.9999999999999998e-13
69,8,"DenseLayer( 64,1 )","weights",1.4093697564811276,1.1359459057194805e-05,8.0599584706225635e-06,8.3449903826003776e-06,1.175913012620015e-05,7.5079874268959625e-06,0,22,9.9999999999999998e-13
69,8,"DenseLayer( 64,1 )","biases",0.00026960077891337937,1.3278000882234087e-06,0.0049263441611736986,0.0054929941093398282,0.0088363503791029537,0.0056060160585582495,0,22,9.9999999999999998e-13
70,0,"Conv2DLayer(1,8,5, stride=5, padding=0)","all",1.3295333837387227,1.7563480175940457e-05,1.3210252112942972e-05,1.460380918751458e-05,2.4943602303090162e-05,1.604868299438008e-05,0,22,9.9999999999999998e-13
70,0,"Conv2DLayer(1,8,5, stride=5, padding=0)","weights",1.32953281992479,1.7149523737660528e-05,1.2898903247092293e-05,1.427051012003484e-05,2.4373713196848193e-05,1.5643103515886444e-05,0,22,9.9999999999999998e-13
70,0,"Conv2DLayer(1,8,5, stride=5, padding=0)","biases",0.0012243905990059045,3.7404602152731662e-06,0.0030525481879552611,0.0033628820589542393,0.005748803217473889,0.0038352872181579324,0,22,9.9999999999999998e-13
70,4,"DenseLayer( 7202,128 )","all",15.864885462873271,0.0011998125399787667,7.5626922639785696e-05,7.7327666728074958e-05,9.9184234205606695e-05,7.2196044398553977e-05,0,22,9.9999999999999998e-13
70,4,"DenseLayer( 7202,128 )","weights",15.864885173966162,0.0011997243439357947,7.5621364818857659e-05,7.7321885963248864e-05,9.9176174788676792e-05,7.219063065221304e-05,0,22,9.9999999999999998e-13
70,4,"DenseLayer( 7202,128 )","biases",0.0030276950879564268,1.4506283540002288e-05,0.0047910672257895871,0.0049546202323597901,0.006841366149390537,0.0046377970768774115,0,22,9.9999999999999998e-13
70,6,"DenseLayer( 128,64 )","all",9.2557087771031519,0.00013657003821863857,1.4755220018799471e-05,1.5188894433127692e-05,1.9890605372774964e-05,1.4379448073656108e-05,0,22,9.9999999999999998e-13
70,6,"DenseLayer( 128,64 )","weights",9.2557083450865143,0.0001361571760455208,1.4710614490011932e-05,1.5141770695338516e-05,1.9812256486414267e-05,1.4339219327556006e-05,0,22,9.9999999999999998e-13
70,6,"DenseLayer( 128,64 )","biases",0.0028279007962796476,1.0541812918480701e-05,0.0037249560008175593,0.0039073468952402352,0.0057603695749223437,0.0034994336638495402,0,22,9.9999999999999998e-13
70,8,"DenseLayer( 64,1 )","all",1.4093931801864734,1.2909585407561864e-05,9.1596684799447351e-06,9.4823604002044208e-06,1.2846528962341563e-05,9.7103096690055348e-06,0,22,9.9999999999999998e-13
70,8,"DenseLayer( 64,1 )","weights",1.4093931543707077,1.2844392286677844e-05,9.1134124250366464e-06,9.4330752811926034e-06,1.2818354198292637e-05,9.6761449959367238e-06,0,22,9.9999999999999998e-13
70,8,"DenseLayer( 64,1 )","biases",0.00026973642922133547,1.1846330546011978e-06,0.0043776026824848087,0.0050193286848530085,0.009142419432475726,0.0042043610484916059,0,22,9.9999999999999998e-13
71,0,"Conv2DLayer(1,8,5, stride=5, padding=0)","all",1.3295379008694488,1.553660640501851e-05,1.1685697047068695e-05,1.3406523400773755e-05,2.5795738556180358e-05,1.1560647150457474e-05,0,22,9.9999999999999998e-13
71,0,"Conv2DLayer(1,8,5, stride=5, padding=0)","weights",1.3295373313900913,1.5156499212631787e-05,1.1399808156095052e-05,1.3097066850356885e-05,2.5211373402303103e-05,1.1416675573768377e-05,0,22,9.9999999999999998e-13
71,0,"Conv2DLayer(1,8,5, stride=5, padding=0)","biases",0.0012305072068540097,3.3357897142606952e-06,0.0027055636352333861,0.0030841139517608146,0.005945499676732185,0.0019593320082753802,0,22,9.9999999999999998e-13
71,4,"DenseLayer( 7202,128 )","all",15.864949742422157,0.00091220344424392463,5.7498033722319442e-05,5.948943114803949e-05,8.7678045818333336e-05,6.3460365862754161e-05,0,22,9.9999999999999998e-13
71,4,"DenseLayer( 7202,128 )","weights",15.864949453170704,0.00091214203565454671,5.7494164062460756e-05,5.9485397692904958e-05,8.7672742243548061e-05,6.3455995916662935e-05,0,22,9.9999999999999998e-13
71,4,"DenseLayer( 7202,128 )","biases",0.0030295068906745449,1.0536956798780132e-05,0.003477987240764278,0.0036280687006514508,0.0053879173023052198,0.0038969149903285002,0,22,9.9999999999999998e-13
71,6,"DenseLayer( 128,64 )","all",9.2557514951075213,0.00011114833113672115,1.2008568700475796e-05,1.245941099899181e-05,1.9031966195434723e-05,1.1492284592399175e-05,0,22,9.9999999999999998e-13
71,6,"DenseLayer( 128,64 )","weights",9.2557510624931183,0.00011086082822619212,1.1977507177390572e-05,1.2426509750008503e-05,1.898377948250407e-05,1.1460818987104619e-05,0,22,9.9999999999999998e-13
71,6,"DenseLayer( 128,64 )","biases",0.0028298706432419774,7.9260933298362892e-06,0.0028005397916997994,0.0029595167878980642,0.0044170590222793737,0.0027775995004421954,0,22,9.9999999999999998e-13
71,8,"DenseLayer( 64,1 )","all",1.4094250087646658,1.0196261547823188e-05,7.2343396525019447e-06,7.5171820376793905e-06,1.1217228809495186e-05,8.1447885710842947e-06,0,22,9.9999999999999998e-13
71,8,"DenseLayer( 64,1 )","weights",1.4094249825069562,1.0154703825220288e-05,7.2048541886307987e-06,7.4868307363219417e-06,1.1196470350870855e-05,8.0988428804063971e-06,0,22,9.9999999999999998e-13
71,8,"DenseLayer( 64,1 )","biases",0.00027204817293254149,8.4677991584282031e-07,0.00311473376842226,0.0035036629520523365,0.0061413393588718073,0.0044632236642920134,0,22,9.9999999999999998e-13
72,0,"Conv2DLayer(1,8,5, stride=5, padding=0)","all",1.3295357616343955,9.896090519052123e-06,7.4432695057961332e-06,8.8747547778080812e-06,1.8441626722095056e-05,3.7425473758299006e-06,0,22,9.9999999999999998e-13
72,0,"Conv2DLayer(1,8,5, stride=5, padding=0)","weights",1.3295351889144209,9.6531617218165098e-06,7.2605554575180285e-06,8.6927529427797521e-06,1.8164242844739653e-05,3.7005070023732389e-06,0,22,9.9999999999999998e-13
72,0,"Conv2DLayer(1,8,5, stride=5, padding=0)","biases",0.0012340531693661573,2.1132669601970895e-06,0.0017130412803795158,0.0019272619805251611,0.0037564002582966445,0.00059964668122837711,0,22,9.9999999999999998e-13
72,4,"DenseLayer( 7202,128 )","all",15.865027671855158,0.00087363023891248064,5.5066408205899981e-05,5.8302702443330748e-05,9.2596770893576966e-05,5.6301911362992541e-05,0,22,9.9999999999999998e-13
72,4,"DenseLayer( 7202,128 )","weights",15.865027381554807,0.00087357410667776472,5.5062871103297353e-05,5.8298772537080419e-05,9.2588459862419617e-05,5.6297580333245685e-05,0,22,9.9999999999999998e-13
72,4,"DenseLayer( 7202,128 )","biases",0.0030349971984865677,9.8293601915832453e-06,0.0032384183327276743,0.0035382635889182556,0.0064695135876640985,0.0036598909271888906,0,22,9.9999999999999998e-13
72,6,"DenseLayer( 128,64 )","all",9.2557853387572973,9.4310360234206122e-05,1.0189340435571792e-05,1.0676882796827614e-05,1.752472064219748e-05,1.0312273107967989e-05,0,22,9.9999999999999998e-13
72,6,"DenseLayer( 128,64 )","weights",9.2557849078263406,9.408076724344996e-05,1.0164535567658371e-05,1.0648544873426137e-05,1.7455382871638665e-05,1.0271180136772908e-05,0,22,9.9999999999999998e-13
72,6,"DenseLayer( 128,64 )","biases",0.0028243857480113005,6.4396383267700136e-06,0.002281796396770687,0.0025509366367989015,0.0051053139797605689,0.0030237221668191964,0,22,9.9999999999999998e-13
72,8,"DenseLayer( 64,1 )","all",1.4094526119140574,8.8552856508135455e-06,6.2827778483004192e-06,6.6863154868248393e-06,1.1280323772991936e-05,6.2863390331148135e-06,0,22,9.9999999999999998e-13
72,8,"DenseLayer( 64,1 )","weights",1.4094525861906526,8.8153286524866605e-06,6.2544287327962239e-06,6.6507664912709654e-06,1.1162301654924681e-05,6.2257226902934481e-06,0,22,9.9999999999999998e-13
72,8,"DenseLayer( 64,1 )","biases",0.00026926759826231069,7.5647866734388203e-07,0.0028166052261163958,0.0036168338986043188,0.0084833091374378524,0.0046277968017991522,0,22,9.9999999999999998e-13
73,0,"Conv2DLayer(1,8,5, stride=5, padding=0)","all",1.3295318846160138,9.3779123519182676e-06,7.0535416183020285e-06,7.9518502182665677e-06,1.6992895168792685e-05,8.8797515238179972e-06,0,22,9.9999999999999998e-13
73,0,"Conv2DLayer(1,8,5, stride=5, padding=0)","weights",1.3295313089880469,9.2031801518940805e-06,6.9221207506525562e-06,7.8253348913931917e-06,1.6806161611283646e-05,8.8103525093300302e-06,0,22,9.9999999999999998e-13
73,0,"Conv2DLayer(1,8,5, stride=5, padding=0)","biases",0.0012371783692697322,1.7267713418775641e-06,0.0013958490282399046,0.001518573308123623,0.0026960778302021816,0.0011832531299212088,0,22,9.9999999999999998e-13
73,4,"DenseLayer( 7202,128 )","all",15.865084601359429,0.0007195758380125185,4.5355946677779315e-05,4.7764925812912938e-05,9.019852286730637e-05,5.2341233893628362e-05,0,22,9.9999999999999998e-13
73,4,"DenseLayer( 7202,128 )","weights",15.865084310296403,0.00071953026415585509,4.5353074920834406e-05,4.7761787131024862e-05,9.0192342071450504e-05,5.2337344295037457e-05,0,22,9.9999999999999998e-13
73,4,"DenseLayer( 7202,128 )","biases",0.0030389902855933295,8.0560778842411694e-06,0.0026517182978747322,0.0028609609296473873,0.005524869862298617,0.0033245842284493582,0,22,9.9999999999999998e-13
73,6,"DenseLayer( 128,64 )","all",9.2558233156446104,8.076335044080261e-05,8.725680274420947e-06,9.0543002854963807e-06,1.5907331789443598e-05,9.9639080858224741e-06,0,22,9.9999999999999998e-13
73,6,"DenseLayer( 128,64 )","weights",9.2558228864897725,8.0557888354900541e-05,8.7034825341397911e-06,9.029685630753899e-06,1.5855530950107431e-05,9.9381423738731657e-06,0,22,9.9999999999999998e-13
73,6,"DenseLayer( 128,64 )","biases",0.0028185683409544908,5.6651151560739313e-06,0.0020094133695345161,0.0021900403933750958,0.0042093349729384307,0.0023408202805580525,0,22,9.9999999999999998e-13
73,8,"DenseLayer( 64,1 )","all",1.4094798284801335,7.6871005662671256e-06,5.4538555110294561e-06,5.608198351705556e-06,8.7839634493822219e-06,6.6419725117201949e-06,0,22,9.9999999999999998e-13
73,8,"DenseLayer( 64,1 )","weights",1.4094798025499882,7.653564330112169e-06,5.4300622843932188e-06,5.5808856444932292e-06,8.7267211904368198e-06,6.6105754030298296e-06,0,22,9.9999999999999998e-13
73,8,"DenseLayer( 64,1 )","biases",0.00027035795739555562,6.2672188505530357e-07,0.0023221783848329722,0.0028908896854858046,0.0055375561913952546,0.0033270073334739111,0,22,9.9999999999999998e-13
74,0,"Conv2DLayer(1,8,5, stride=5, padding=0)","all",1.3295370898842813,8.4129459260116665e-06,6.3277263705790488e-06,7.9339330436573866e-06,2.1811241336348558e-05,4.130806473164999e-06,0,22,9.9999999999999998e-13
74,0,"Conv2DLayer(1,8,5, stride=5, padding=0)","weights",1.32953650704865,8.1760679905302906e-06,6.1495632804268717e-06,7.7595368886949227e-06,2.1422893261268934e-05,3.7966131468747672e-06,0,22,9.9999999999999998e-13
74,0,"Conv2DLayer(1,8,5, stride=5, padding=0)","biases",0.0012449053040228066,1.9014036549699095e-06,0.0015272199679497549,0.0017663829224232753,0.0043786202221845335,0.0017472315548425843,0,22,9.9999999999999998e-13
74,4,"DenseLayer( 7202,128 )","all",15.865157489325536,0.00073784792468279249,4.6507436668262679e-05,4.8573985770194894e-05,7.9320796457256747e-05,7.6327355395440835e-05,0,22,9.9999999999999998e-13
74,4,"DenseLayer( 7202,128 )","weights",15.865157197700052,0.00073780201841742369,4.6504543996545897e-05,4.8570875272654659e-05,7.9316623681745325e-05,7.6321470125468953e-05,0,22,9.9999999999999998e-13
74,4,"DenseLayer( 7202,128 )","biases",0.0030419327125810096,8.172776159797941e-06,0.0026865357126961945,0.0028671513311429313,0.0049449282424375877,0.0049449282424375877,0,22,9.9999999999999998e-13
74,6,"DenseLayer( 128,64 )","all",9.2558699561486915,8.6236248588895568e-05,9.3169239977123566e-06,9.6014929812728049e-06,1.4234940786145601e-05,1.4234940786145601e-05,0,22,9.9999999999999998e-13
74,6,"DenseLayer( 128,64 )","weights",9.2558695257581061,8.6032354162583204e-05,9.2948957749833246e-06,9.5772731090929495e-06,1.4183430507565716e-05,1.4183430507565716e-05,0,22,9.9999999999999998e-13
74,6,"DenseLayer( 128,64 )","biases",0.002822631268381517,5.7961096433776647e-06,0.0020532994107640068,0.0022351289072232903,0.0039786294712809474,0.0039786294712809474,0,22,9.9999999999999998e-13
74,8,"DenseLayer( 64,1 )","all",1.4095155992315151,8.1270767091461934e-06,5.765861426126555e-06,5.9887087225777671e-06,9.5449188676914675e-06,9.5449188676914675e-06,0,22,9.9999999999999998e-13
74,8,"DenseLayer( 64,1 )","weights",1.409515573269037,8.0917663852189645e-06,5.7408101687903035e-06,5.9587291585997361e-06,9.4520068348892528e-06,9.4520068348892528e-06,0,22,9.9999999999999998e-13
74,8,"DenseLayer( 64,1 )","biases",0.00027052941996688872,6.3627455595203419e-07,0.0023536573462873793,0.0031233490196259073,0.0069400536324428176,0.0069400536324428176,0,22,9.9999999999999998e-13
75,0,"Conv2DLayer(1,8,5, stride=5, padding=0)","all",1.3295307340523645,8.196509903030036e-06,6.164966650999749e-06,6.4359974463443258e-06,9.4680679787476664e-06,8.7050780491684844e-06,0,22,9.9999999999999998e-13
75,0,"Conv2DLayer(1,8,5, stride=5, padding=0)","weights",1.329530149898237,7.9119283296161252e-06,5.9509226899911333e-06,6.2296233904776503e-06,9.2919934373224324e-06,8.4244633975715504e-06,0,22,9.9999999999999998e-13
75,0,"Conv2DLayer(1,8,5, stride=5, padding=0)","biases",0.0012463062287019319,2.06644329700667e-06,0.0016587971690230421,0.0017262094879307685,0.0028961531103034181,0.0023463915740543338,0,22,9.9999999999999998e-13
75,4,"DenseLayer( 7202,128 )","all",15.865202260474462,0.0011728060076795378,7.3923167905263468e-05,7.536173882676348e-05,9.67096508525932e-05,5.3551192007471164e-05,0,22,9.9999999999999998e-13
75,4,"DenseLayer( 7202,128 )","weights",15.865201970529366,0.001172718465311344,7.3917651370518643e-05,7.5355995274860953e-05,9.6701799091915462e-05,5.3546715103578971e-05,0,22,9.9999999999999998e-13
75,4,"DenseLayer( 7202,128 )","biases",0.0030331593546762824,1.4259290750002948e-05,0.004701386349462152,0.004867461435438823,0.0065844680657861166,0.003615663930120255,0,22,9.9999999999999998e-13
75,6,"DenseLayer( 128,64 )","all",9.2559013003957702,0.00012803252340568279,1.383252897871013e-05,1.4109093657264334e-05,1.7604743823890058e-05,1.2610671131248121e-05,0,22,9.9999999999999998e-13
75,6,"DenseLayer( 128,64 )","weights",9.2559008752385132,0.00012760504852044876,1.3786345576674813e-05,1.4060803440211145e-05,1.7541175552180086e-05,1.2573545405218355e-05,0,22,9.9999999999999998e-13
75,6,"DenseLayer( 128,64 )","biases",0.0028054145375954963,1.0413368811655063e-05,0.0037119080254700287,0.0038478440592120081,0.0052329296088646522,0.0031886573278500012,0,22,9.9999999999999998e-13
75,8,"DenseLayer( 64,1 )","all",1.4095379865198479,1.2049455033038448e-05,8.5485129867901385e-06,8.7162866643581151e-06,1.1783331363225274e-05,8.322525729158745e-06,0,22,9.9999999999999998e-13
75,8,"DenseLayer( 64,1 )","weights",1.4095379611106886,1.196685873370914e-05,8.4899150440724126e-06,8.6533052516333252e-06,1.1663879611811519e-05,8.2624514383989833e-06,0,22,9.9999999999999998e-13
75,8,"DenseLayer( 64,1 )","biases",0.00026761777090459049,1.3479148037731647e-06,0.0050303114903263793,0.0054984274898709912,0.0087285094659092979,0.0052408017387020793,0,22,9.9999999999999998e-13
76,0,"Conv2DLayer(1,8,5, stride=5, padding=0)","all",1.3295367907113722,1.2109530294371244e-05,9.1080865891020434e-06,9.8303131824276257e-06,1.6934305138417681e-05,1.061654563719722e-05,0,22,9.9999999999999998e-13
76,0,"Conv2DLayer(1,8,5, stride=5, padding=0)","weights",1.3295361969467372,1.1910472959198796e-05,8.9583712186552969e-06,9.6753785225523709e-06,1.6675220260305345e-05,1.0410803738370521e-05,0,22,9.9999999999999998e-13
76,0,"Conv2DLayer(1,8,5, stride=5, padding=0)","biases",0.0012565151580585866,2.155788285464157e-06,0.0017161170876154109,0.0018401640381563926,0.0031155086721046934,0.002205179168835684,0,22,9.9999999999999998e-13
76,4,"DenseLayer( 7202,128 )","all",15.865274074180364,0.00080110954666153141,5.0494524038265142e-05,5.1078542586817721e-05,6.3399991635927134e-05,5.5060532168198856e-05,0,22,9.9999999999999998e-13
76,4,"DenseLayer( 7202,128 )","weights",15.865273782797845,0.00080106518092235555,5.0491728560505065e-05,5.1075690418239169e-05,6.3396454673126285e-05,5.5057415325567881e-05,0,22,9.9999999999999998e-13
76,4,"DenseLayer( 7202,128 )","biases",0.0030406762989845866,8.3930817944671183e-06,0.0027602057819623312,0.0028166994216516014,0.0036222302543982426,0.0030486143242506561,0,22,9.9999999999999998e-13
76,6,"DenseLayer( 128,64 )","all",9.2559533498657096,8.9348326325031747e-05,9.6530670598815318e-06,9.8187189367390225e-06,1.3464920513913427e-05,9.0915732734040468e-06,0,22,9.9999999999999998e-13
76,6,"DenseLayer( 128,64 )","weights",9.2559529212506639,8.9157458463771043e-05,9.6324464092893104e-06,9.7972348647729441e-06,1.3425589621920046e-05,9.0734558899124917e-06,0,22,9.9999999999999998e-13
76,6,"DenseLayer( 128,64 )","biases",0.002816814927925054,5.8016566929307299e-06,0.0020599550876683487,0.0021338655660153908,0.0033863066955098584,0.0018918973129102561,0,22,9.9999999999999998e-13
76,8,"DenseLayer( 64,1 )","all",1.4095765270519802,7.9886029163564569e-06,5.6673841291209771e-06,5.8984608909201147e-06,8.9095273844952147e-06,4.7612267939246876e-06,0,22,9.9999999999999998e-13
76,8,"DenseLayer( 64,1 )","weights",1.4095765010471042,7.9689582713798437e-06,5.6534476217183727e-06,5.8819761053387528e-06,8.8519351391510501e-06,4.7535907486960726e-06,0,22,9.9999999999999998e-13
76,8,"DenseLayer( 64,1 )","biases",0.00027075671823695302,4.665555686435916e-07,0.0017224771205103949,0.0022931856526944381,0.0052826066208367687,0.0014052950613701125,0,22,9.9999999999999998e-13
77,0,"Conv2DLayer(1,8,5, stride=5, padding=0)","all",1.3295316276203601,7.7642882095822922e-06,5.8398678907365773e-06,6.2584356354699922e-06,1.0273726201742393e-05,3.8463085121354307e-06,0,22,9.9999999999999998e-13
77,0,"Conv2DLayer(1,8,5, stride=5, padding=0)","weights",1.329531034498967,7.5626179855092969e-06,5.6881852520424638e-06,6.1207248455995417e-06,1.0153977461288639e-05,3.7617874087811297e-06,0,22,9.9999999999999998e-13
77,0,"Conv2DLayer(1,8,5, stride=5, padding=0)","biases",0.0012558425342437472,1.6946104523166942e-06,0.0013493837372749833,0.0013822414512407171,0.0018978356584678062,0.00084662586714463577,0,22,9.9999999999999998e-13
77,4,"DenseLayer( 7202,128 )","all",15.865355538377424,0.0010579740721284056,6.6684552063591999e-05,6.9394839121897475e-05,9.3335978402299608e-05,3.0327208695839879e-05,0,22,9.9999999999999998e-13
77,4,"DenseLayer( 7202,128 )","weights",15.865355244682956,0.0010578926655916343,6.6679422209987326e-05,6.9389369950224707e-05,9.3328390278996646e-05,3.032584149525296e-05,0,22,9.9999999999999998e-13
77,4,"DenseLayer( 7202,128 )","biases",0.0030527186267074154,1.3076405663233987e-05,0.0042828255444597053,0.0045273764605325778,0.0063364129079419461,0.001503500979158325,0,22,9.9999999999999998e-13
77,6,"DenseLayer( 128,64 )","all",9.2559980281024412,0.00011878447668101757,1.2833242969053062e-05,1.3392527035412372e-05,1.8285753953461334e-05,5.7058464974019443e-06,0,22,9.9999999999999998e-13
77,6,"DenseLayer( 128,64 )","weights",9.2559976034241309,0.00011837551902783309,1.2789060577502372e-05,1.3343929230101254e-05,1.8210410624198035e-05,5.698875194324762e-06,0,22,9.9999999999999998e-13
77,6,"DenseLayer( 128,64 )","biases",0.002803836608582664,9.7391149713577527e-06,0.0034720244607915787,0.0037606841868593087,0.0054691695126885603,0.00093772484145027266,0,22,9.9999999999999998e-13
77,8,"DenseLayer( 64,1 )","all",1.4096048441276861,1.2161846222145226e-05,8.6278382885453425e-06,9.0743869588095791e-06,1.2538364757548609e-05,3.2323992628055193e-06,0,22,9.9999999999999998e-13
77,8,"DenseLayer( 64,1 )","weights",1.4096048183380916,1.206457889313787e-05,8.5588353135292497e-06,8.9955893218768998e-06,1.2406957658771271e-05,3.2310979904062658e-06,0,22,9.9999999999999998e-13
77,8,"DenseLayer( 64,1 )","biases",0.00026960857080253351,1.4815080000764944e-06,0.0054838493846531659,0.0062224610265228337,0.0094774227510278607,0.00048980419961340538,0,22,9.9999999999999998e-13
78,0,"Conv2DLayer(1,8,5, stride=5, padding=0)","all",1.3295291013041919,1.0087770616958831e-05,7.5874728161146936e-06,8.546508830259898e-06,1.5608810989794878e-05,1.4021059373601984e-05,0,22,9.9999999999999998e-13
78,0,"Conv2DLayer(1,8,5, stride=5, padding=0)","weights",1.3295285046884251,9.8054440950533289e-06,7.3751252489936603e-06,8.3229193304273222e-06,1.5069209490973204e-05,1.3767446792775141e-05,0,22,9.9999999999999998e-13
78,0,"Conv2DLayer(1,8,5, stride=5, padding=0)","biases",0.0012595288068023083,2.298710907258262e-06,0.001824819464977241,0.0020491476443432522,0.0042884937906072619,0.0027876266022538233,0,22,9.9999999999999998e-13
78,4,"DenseLayer( 7202,128 )","all",15.865417848312031,0.000881625305782757,5.5569005392131392e-05,5.9341291700192775e-05,0.00011324495882593918,5.9394686090467304e-05,0,22,9.9999999999999998e-13
78,4,"DenseLayer( 7202,128 )","weights",15.86541755501351,0.00088156007636514282,5.5564894996018207e-05,5.9336694267146495e-05,0.00011323495508286571,5.9391332981006511e-05,0,22,9.9999999999999998e-13
78,4,"DenseLayer( 7202,128 )","biases",0.0030506695843985727,1.0666858772802127e-05,0.0034977438624989522,0.0038445935434651105,0.0078418727149677687,0.0032788619728879248,0,22,9.9999999999999998e-13
78,6,"DenseLayer( 128,64 )","all",9.2560372238628847,0.00010600412327577935,1.1452431866660016e-05,1.2024964773362146e-05,2.0698206672497086e-05,1.1429531964709598e-05,0,22,9.9999999999999998e-13
78,6,"DenseLayer( 128,64 )","weights",9.2560368040618819,0.00010570780581655492,1.1420418947129923e-05,1.1988717999509278e-05,2.0616117296818722e-05,1.1409107104561465e-05,0,22,9.9999999999999998e-13
78,6,"DenseLayer( 128,64 )","biases",0.0027877072546429655,7.8179456989528957e-06,0.0028042324292298967,0.0030967001929767548,0.0061071756087490055,0.0022644884239524112,0,22,9.9999999999999998e-13
78,8,"DenseLayer( 64,1 )","all",1.4096289611280204,9.9106295146467856e-06,7.0306678242987854e-06,7.3448165789988578e-06,1.2034608021077468e-05,7.2686691852963632e-06,0,22,9.9999999999999998e-13
78,8,"DenseLayer( 64,1 )","weights",1.4096289356033003,9.8478032321495799e-06,6.9860984454752118e-06,7.2928689968245813e-06,1.1893303888832246e-05,7.2622914806543714e-06,0,22,9.9999999999999998e-13
78,8,"DenseLayer( 64,1 )","biases",0.00026824255209331483,1.0280544467439705e-06,0.0038393975586872723,0.0045926329920230151,0.0096870893918430921,0.0015922562676260448,0,22,9.9999999999999998e-13
79,0,"Conv2DLayer(1,8,5, stride=5, padding=0)","all",1.3295315402877983,1.2053061777312908e-05,9.0656509340784238e-06,9.8743102584655278e-06,1.6371216247079958e-05,1.2497611499821747e-05,0,22,9.9999999999999998e-13
79,0,"Conv2DLayer(1,8,5, stride=5, padding=0)","weights",1.3295309398621014,1.1719253989710786e-05,8.8145827536298341e-06,9.6036218883865778e-06,1.5826811919773818e-05,1.2173393521821026e-05,0,22,9.9999999999999998e-13
79,0,"Conv2DLayer(1,8,5, stride=5, padding=0)","biases",0.0012635319023812978,2.7867358284566811e-06,0.0022075831629406561,0.0024199377664853314,0.004406078916903226,0.0029770761949298383,0,22,9.9999999999999998e-13
79,4,"DenseLayer( 7202,128 )","all",15.865489920137051,0.00081540928119517805,5.1395152434021662e-05,5.2646719553126315e-05,7.6055471272931381e-05,5.1278532231745295e-05,0,22,9.9999999999999998e-13
79,4,"DenseLayer( 7202,128 )","weights",15.865489626388806,0.00081535584912208051,5.139178556836044e-05,5.2643208536189074e-05,7.6050251115602384e-05,5.1275133863704944e-05,0,22,9.9999999999999998e-13
79,4,"DenseLayer( 7202,128 )","biases",0.0030530172458353476,9.3073156222558759e-06,0.0030483618869292968,0.0031597120874322206,0.004632921341560149,0.0030644611051243702,0,22,9.9999999999999998e-13
79,6,"DenseLayer( 128,64 )","all",9.256084639202367,9.4949341910752113e-05,1.025804541173584e-05,1.0497311033923312e-05,1.4381494227319821e-05,1.0677556551920731e-05,0,22,9.9999999999999998e-13
79,6,"DenseLayer( 128,64 )","weights",9.2560842191798738,9.4715818730266204e-05,1.0232816724419863e-05,1.0470739108888707e-05,1.4342755249151859e-05,1.0658598986975515e-05,0,22,9.9999999999999998e-13
79,6,"DenseLayer( 128,64 )","biases",0.0027884485011857034,6.5990840205865416e-06,0.0023660555678956655,0.002476810694882261,0.0040560061783683618,0.0021119954630348511,0,22,9.9999999999999998e-13
79,8,"DenseLayer( 64,1 )","all",1.4096647474574051,9.0702460966271596e-06,6.4343261497269604e-06,6.6113062594065873e-06,9.3255281102860502e-06,6.7953455811839536e-06,0,22,9.9999999999999998e-13
79,8,"DenseLayer( 64,1 )","weights",1.4096647219134018,9.0252454051925719e-06,6.4024033007602489e-06,6.5773227481879435e-06,9.2348886478801522e-06,6.7808312954603125e-06,0,22,9.9999999999999998e-13
79,8,"DenseLayer( 64,1 )","biases",0.00026835070854179901,8.6051163221286098e-07,0.0032039893310747479,0.0035110925428476635,0.0067449307534185243,0.0023301469604104768,0,22,9.9999999999999998e-13
80,0,"Conv2DLayer(1,8,5, stride=5, padding=0)","all",1.3295338581169138,1.1588826262584231e-05,8.7164578205693724e-06,9.830292755163838e-06,1.7450748666397527e-05,9.1383983618387006e-06,0,22,9.9999999999999998e-13
80,0,"Conv2DLayer(1,8,5, stride=5, padding=0)","weights",1.3295332520050651,1.134295367504798e-05,8.5315303653714327e-06,9.6279390407556422e-06,1.7084162564965562e-05,8.9245893977341688e-06,0,22,9.9999999999999998e-13
80,0,"Conv2DLayer(1,8,5, stride=5, padding=0)","biases",0.0012695089319055936,2.3438155599890936e-06,0.0018463214607217346,0.0020780844721797406,0.0037366079283468146,0.0020668226264739633,0,22,9.9999999999999998e-13
80,4,"DenseLayer( 7202,128 )","all",15.865571995755666,0.00075039422362891469,4.7297019663691538e-05,4.8524955197458326e-05,6.6819938238058465e-05,6.6819938238058465e-05,0,22,9.9999999999999998e-13
80,4,"DenseLayer( 7202,128 )","weights",15.865571701466457,0.00075035169487421504,4.7294339971986603e-05,4.8522223357972635e-05,6.6817039765773039e-05,6.6817039765773039e-05,0,22,9.9999999999999998e-13
80,4,"DenseLayer( 7202,128 )","biases",0.0030558345798341519,7.9713911639744333e-06,0.0026086611233791558,0.0026738696000939348,0.0035071587141156041,0.0032275916928558405,0,22,9.9999999999999998e-13
80,6,"DenseLayer( 128,64 )","all",9.2561343339745434,8.8105106653685623e-05,9.5185650547184215e-06,9.7392894177507932e-06,1.3292721275580121e-05,9.4853123939416169e-06,0,22,9.9999999999999998e-13
80,6,"DenseLayer( 128,64 )","weights",9.2561339151730042,8.7926729688416161e-05,9.4992942675448119e-06,9.7194067280205409e-06,1.3259212468933641e-05,9.4737830917015394e-06,0,22,9.9999999999999998e-13
80,6,"DenseLayer( 128,64 )","biases",0.0027844003770537301,5.5569792179501615e-06,0.0019955290119429933,0.0020672152178272609,0.0031363168174650936,0.001556846250180248,0,22,9.9999999999999998e-13
80,8,"DenseLayer( 64,1 )","all",1.4096989956700117,7.8003288961182901e-06,5.5333332290292042e-06,5.7211461654219179e-06,8.101199136818337e-06,4.5581683303413347e-06,0,22,9.9999999999999998e-13
80,8,"DenseLayer( 64,1 )","weights",1.4096989700491076,7.7846670694550888e-06,5.5222232793017848e-06,5.7100387012643743e-06,8.0965633364351171e-06,4.5580770356656038e-06,0,22,9.9999999999999998e-13
80,8,"DenseLayer( 64,1 )","biases",0.00026876353579361671,4.4184906238859351e-07,0.0016439274135053581,0.0018682375249386397,0.0037770894703914397,0.0001516542023835094,0,22,9.9999999999999998e-13
81,0,"Conv2DLayer(1,8,5, stride=5, padding=0)","all",1.3295295670758664,7.5992575085426456e-06,5.7157481714028731e-06,6.4275030742098158e-06,1.3755438124137155e-05,4.9968064618149132e-06,0,22,9.9999999999999998e-13
81,0,"Conv2DLayer(1,8,5, stride=5, padding=0)","weights",1.3295289615107824,7.3031406947716962e-06,5.4930277853108578e-06,6.2071471615119888e-06,1.331971235053943e-05,4.7957948023663285e-06,0,22,9.9999999999999998e-13
81,0,"Conv2DLayer(1,8,5, stride=5, padding=0)","biases",0.0012689394586663601,2.0558301762694535e-06,0.0016193054390928078,0.0017463206505662157,0.0035831599957705401,0.0014569526491610995,0,22,9.9999999999999998e-13
81,4,"DenseLayer( 7202,128 )","all",15.865618793827624,0.00095649050417179107,6.0286976722242926e-05,6.2859603334906533e-05,0.00010306541741524236,0.00010306541741524236,0,22,9.9999999999999998e-13
81,4,"DenseLayer( 7202,128 )","weights",15.865618498967722,0.00095642661805632326,6.0282951143250061e-05,6.2855187559443041e-05,0.00010305654232592341,0.00010305654232592341,0,22,9.9999999999999998e-13
81,4,"DenseLayer( 7202,128 )","biases",0.0030588008032108719,1.0980968268781269e-05,0.0035894769670485583,0.0038636680053322743,0.0069980933397065541,0.0069980933397065541,0,22,9.9999999999999998e-13
81,6,"DenseLayer( 128,64 )","all",9.2561730612044446,0.00010456013685139576,1.1296256328427161e-05,1.1800415952108966e-05,1.8804270259583039e-05,1.8804270259583039e-05,0,22,9.9999999999999998e-13
81,6,"DenseLayer( 128,64 )","weights",9.2561726425049429,0.00010426239110118213,1.1264089593748327e-05,1.1764451516572313e-05,1.8727993557668967e-05,1.8727993557668967e-05,0,22,9.9999999999999998e-13
81,6,"DenseLayer( 128,64 )","biases",0.0027840693906745193,7.7952279047321117e-06,0.0028000388602662583,0.0030608347330777891,0.0056198339145486992,0.0056198339145486992,0,22,9.9999999999999998e-13
81,8,"DenseLayer( 64,1 )","all",1.409729613382962,9.6554696612377521e-06,6.8491534918331886e-06,7.2146334835053584e-06,1.1366399584063458e-05,1.1366399584063458e-05,0,22,9.9999999999999998e-13
81,8,"DenseLayer( 64,1 )","weights",1.409729587659373,9.5945845238141133e-06,6.8059645623621215e-06,7.1617940776872006e-06,1.12253020942083e-05,1.12253020942083e-05,0,22,9.9999999999999998e-13
81,8,"DenseLayer( 64,1 )","biases",0.00026929729475258767,1.0069938567043706e-06,0.0037403684835105476,0.0045621281942417168,0.0092958102855848091,0.0092958102855848091,0,22,9.9999999999999998e-13
82,0,"Conv2DLayer(1,8,5, stride=5, padding=0)","all",1.3295323643802937,1.3912406118138286e-05,1.0464136823050726e-05,1.1403890914021106e-05,1.9667524448768626e-05,8.1052126554074836e-06,0,22,9.9999999999999998e-13
82,0,"Conv2DLayer(1,8,5, stride=5, padding=0)","weights",1.3295317502776196,1.3641485904044389e-05,1.0260370723239277e-05,1.1217194814411823e-05,1.9509392726894573e-05,8.0039941773380351e-06,0,22,9.9999999999999998e-13
82,0,"Conv2DLayer(1,8,5, stride=5, padding=0)","biases",0.0012778524025722662,2.5669108797138545e-06,0.0020086454987067229,0.0021376010805346803,0.0041547115420073376,0.0013286908049644905,0,22,9.9999999999999998e-13
82,4,"DenseLayer( 7202,128 )","all",15.865697155884179,0.0014210238453367485,8.9565790794660956e-05,9.4614696884466989e-05,0.00014112018515581749,9.0421458434025679e-05,0,22,9.9999999999999998e-13
82,4,"DenseLayer( 7202,128 )","weights",15.865696859535689,0.0014209085684552454,8.9558526673453085e-05,9.4606831131546841e-05,0.0001411086031027656,9.04142757018104e-05,0,22,9.9999999999999998e-13
82,4,"DenseLayer( 7202,128 )","biases",0.0030665105887866225,1.8050862550801805e-05,0.0058884211692302136,0.0063160832048228532,0.0093682198334306618,0.0059296561835782005,0,22,9.9999999999999998e-13
82,6,"DenseLayer( 128,64 )","all",9.2562222452044303,0.00015596262092638862,1.6849487611038187e-05,1.7747961466477378e-05,2.571147110877302e-05,1.7789172031481103e-05,0,22,9.9999999999999998e-13
82,6,"DenseLayer( 128,64 )","weights",9.2562218265902043,0.00015540902050673597,1.6789679916562611e-05,1.7682521554742351e-05,2.5613877910920559e-05,1.771810708267161e-05,0,22,9.9999999999999998e-13
82,6,"DenseLayer( 128,64 )","biases",0.0027837793292561632,1.3069006502406337e-05,0.0046973073331517991,0.0050675552408484372,0.0075811100475154996,0.005304471617479308,0,22,9.9999999999999998e-13
82,8,"DenseLayer( 64,1 )","all",1.4097622734828597,1.4765616142349664e-05,1.0473825975142796e-05,1.1108406733715563e-05,1.6152019442081724e-05,1.2348935747027291e-05,0,22,9.9999999999999998e-13
82,8,"DenseLayer( 64,1 )","weights",1.4097622474763585,1.4633039787026381e-05,1.0379784621985795e-05,1.1001370572823919e-05,1.5986033493932345e-05,1.2227346132797385e-05,0,22,9.9999999999999998e-13
82,8,"DenseLayer( 64,1 )","biases",0.00027074852153997529,1.9156723283231258e-06,0.0070926034310616077,0.008040940432803614,0.012690060086515633,0.009169305892249513,0,22,9.9999999999999998e-13
83,0,"Conv2DLayer(1,8,5, stride=5, padding=0)","all",1.3295256203358807,1.2855676752547402e-05,9.6693734547519744e-06,1.0460438100956593e-05,1.8613285264387585e-05,1.0719567529610887e-05,0,22,9.9999999999999998e-13
83,0,"Conv2DLayer(1,8,5, stride=5, padding=0)","weights",1.329525008949102,1.2635355563513296e-05,9.5036636260692654e-06,1.0297397970673372e-05,1.8380531043826368e-05,1.0413911268487601e-05,0,22,9.9999999999999998e-13
83,0,"Conv2DLayer(1,8,5, stride=5, padding=0)","biases",0.0012750157100513847,2.2998194119500061e-06,0.001804682641653685,0.0019209225496166229,0.0032584688332727685,0.0026735989917184779,0,22,9.9999999999999998e-13
83,4,"DenseLayer( 7202,128 )","all",15.865785308885091,0.0013770908187220607,8.6796258990278971e-05,8.9594003173823681e-05,0.00011861630217586585,6.8302712344089949e-05,0,22,9.9999999999999998e-13
83,4,"DenseLayer( 7202,128 )","weights",15.86578501475142,0.0013769898892691157,8.6789899145830476e-05,8.9587267930603832e-05,0.00011860588189777355,6.8298635874792087e-05,0,22,9.9999999999999998e-13
83,4,"DenseLayer( 7202,128 )","biases",0.0030550378785510418,1.6609132107973632e-05,0.0054373042645179713,0.0057066858184284877,0.0081524413868264284,0.0038585551135628363,0,22,9.9999999999999998e-13
83,6,"DenseLayer( 128,64 )","all",9.2562625147483075,0.00014178222035257209,1.531743769073106e-05,1.5820392278556055e-05,2.1518154282403574e-05,1.0756518443578392e-05,0,22,9.9999999999999998e-13
83,6,"DenseLayer( 128,64 )","weights",9.2562621003075538,0.00014131194920304882,1.5266632647582883e-05,1.5766118073826725e-05,2.143428721270748e-05,1.0734404554892754e-05,0,22,9.9999999999999998e-13
83,6,"DenseLayer( 128,64 )","biases",0.00276988878345019,1.1467305188784115e-05,0.0041409399240654775,0.0043763635137592655,0.0063409709892314889,0.0022938971055455077,0,22,9.9999999999999998e-13
83,8,"DenseLayer( 64,1 )","all",1.4097841013183723,1.3243384733207076e-05,9.3939104621011645e-06,9.7406768680086111e-06,1.3638274089920786e-05,6.2914388508018943e-06,0,22,9.9999999999999998e-13
83,8,"DenseLayer( 64,1 )","weights",1.4097840760639206,1.3151724566459915e-05,9.3288934355138455e-06,9.6680940722378345e-06,1.351622579571653e-05,6.2907494130714186e-06,0,22,9.9999999999999998e-13
83,8,"DenseLayer( 64,1 )","biases",0.00026682004417208106,1.4637996421449564e-06,0.005485659844205187,0.0062638676607103157,0.0096013831984504347,0.00048421316969675507,0,22,9.9999999999999998e-13
84,0,"Conv2DLayer(1,8,5, stride=5, padding=0)","all",1.3295222269069844,1.5651588594225815e-05,1.1772319007366598e-05,1.3077834525311821e-05,2.4573516002409746e-05,4.7396823716372646e-06,0,22,9.9999999999999998e-13
84,0,"Conv2DLayer(1,8,5, stride=5, padding=0)","weights",1.3295216150527578,1.5178887070523627e-05,1.1416781642564793e-05,1.2739518194675264e-05,2.4240092656237282e-05,4.3356502653237599e-06,0,22,9.9999999999999998e-13
84,0,"Conv2DLayer(1,8,5, stride=5, padding=0)","biases",0.0012754809402519417,3.6849822002769646e-06,0.0028865760317913938,0.0030760285804176755,0.0047830708203555122,0.0020122244903999029,0,22,9.9999999999999998e-13
84,4,"DenseLayer( 7202,128 )","all",15.865864375543373,0.0012560327868131353,7.9165733860172004e-05,8.2358636487513966e-05,0.00012086797116530855,7.7076644003786421e-05,0,22,9.9999999999999998e-13
84,4,"DenseLayer( 7202,128 )","weights",15.865864079777403,0.0012559344288571486,7.9159535992877705e-05,8.2352028535207861e-05,0.00012085636526471289,7.7070123142139842e-05,0,22,9.9999999999999998e-13
84,4,"DenseLayer( 7202,128 )","biases",0.0030635152001455704,1.5657712536243657e-05,0.0051094284503855518,0.0054002595989646775,0.0086601868549845314,0.0051925538950887903,0,22,9.9999999999999998e-13
84,6,"DenseLayer( 128,64 )","all",9.2563037529030474,0.00014066891742851636,1.5197093085726371e-05,1.6007724588202869e-05,2.6477113486989392e-05,1.469473442520057e-05,0,22,9.9999999999999998e-13
84,6,"DenseLayer( 128,64 )","weights",9.2563033358781066,0.00014019870574431245,1.514629469694602e-05,1.595216766898738e-05,2.6371182412683434e-05,1.4637070526322382e-05,0,22,9.9999999999999998e-13
84,6,"DenseLayer( 128,64 )","biases",0.0027784862094999965,1.142190862380757e-05,0.0041079384065204668,0.0044344658904526043,0.0078820749716632683,0.0043631013651195122,0,22,9.9999999999999998e-13
84,8,"DenseLayer( 64,1 )","all",1.4098134669171107,1.3453344702356909e-05,9.5426400653228694e-06,1.0088357570428986e-05,1.7035971160134362e-05,9.4207869327282206e-06,0,22,9.9999999999999998e-13
84,8,"DenseLayer( 64,1 )","weights",1.4098134413207708,1.3352772402766603e-05,9.4713029708738913e-06,1.0006985258890035e-05,1.6855394436635945e-05,9.3214697494438799e-06,0,22,9.9999999999999998e-13
84,8,"DenseLayer( 64,1 )","biases",0.00026861272238999266,1.5624073884365233e-06,0.0058020329332687795,0.0066838936363505085,0.012923575593038722,0.0072838260927833142,0,22,9.9999999999999998e-13
85,0,"Conv2DLayer(1,8,5, stride=5, padding=0)","all",1.3295190212730472,8.86625894813263e-06,6.6687745549616537e-06,7.5784881477410512e-06,1.4847776474596326e-05,4.7042809979196851e-06,0,22,9.9999999999999998e-13
85,0,"Conv2DLayer(1,8,5, stride=5, padding=0)","weights",1.329518405698606,8.6037440299534811e-06,6.4713262202318668e-06,7.3778726920640608e-06,1.4468008149642325e-05,4.4092440031868272e-06,0,22,9.9999999999999998e-13
85,0,"Conv2DLayer(1,8,5, stride=5, padding=0)","biases",0.0012793821682625715,2.0458024200222184e-06,0.0016010937068229893,0.0018049373708178139,0.003483361681227347,0.0017060285825921937,0,22,9.9999999999999998e-13
85,4,"DenseLayer( 7202,128 )","all",15.865949974985536,0.00086651604482313664,5.4614832999065378e-05,5.7014020673086927e-05,9.4477591238580687e-05,8.9808847242973117e-05,0,22,9.9999999999999998e-13
85,4,"DenseLayer( 7202,128 )","weights",15.865949676366233,0.00086646382475115684,5.4611542695582066e-05,5.7010423771167088e-05,9.4469881171992205e-05,8.9802166714344429e-05,0,22,9.9999999999999998e-13
85,4,"DenseLayer( 7202,128 )","biases",0.0030782693043573282,9.4564463252278451e-06,0.0030728835269890108,0.0033034879310500495,0.0062438275625398476,0.0056462112703301063,0,22,9.9999999999999998e-13
85,6,"DenseLayer( 128,64 )","all",9.2563518233154465,9.2528185976238958e-05,9.9961857437377265e-06,1.0457311741929229e-05,1.839058787323368e-05,1.5953398860863189e-05,0,22,9.9999999999999998e-13
85,6,"DenseLayer( 128,64 )","weights",9.2563514072147104,9.2299081888937097e-05,9.9714351655058806e-06,1.0429507653209967e-05,1.8323228409479519e-05,1.590433852788889e-05,0,22,9.9999999999999998e-13
85,6,"DenseLayer( 128,64 )","biases",0.002775451619564369,6.440062356740902e-06,0.0023210609154219208,0.0025435371305321001,0.0052660385209690186,0.004168973175450643,0,22,9.9999999999999998e-13
85,8,"DenseLayer( 64,1 )","all",1.4098405973666324,8.4541044899908589e-06,5.9965055221371461e-06,6.354351211520062e-06,1.173827588567338e-05,8.9318440762846225e-06,0,22,9.9999999999999998e-13
85,8,"DenseLayer( 64,1 )","weights",1.4098405717929021,8.4130258301343391e-06,5.967368463194169e-06,6.3187053237938462e-06,1.1629150007734558e-05,8.841613927379849e-06,0,22,9.9999999999999998e-13
85,8,"DenseLayer( 64,1 )","biases",0.00026852910576218909,7.3564561634239822e-07,0.0027426459760519079,0.0035364184705930207,0.0084635922420390006,0.0066407262732812687,0,22,9.9999999999999998e-13
86,0,"Conv2DLayer(1,8,5, stride=5, padding=0)","all",1.3295137550876008,1.1197871442105612e-05,8.4225284464364798e-06,9.9942029404834415e-06,2.1716617296363978e-05,8.4932762747290088e-06,0,22,9.9999999999999998e-13
86,0,"Conv2DLayer(1,8,5, stride=5, padding=0)","weights",1.3295131386409824,1.0932723657628407e-05,8.2231001314500327e-06,9.8259592099862421e-06,2.1479404304977984e-05,8.1585676034933175e-06,0,22,9.9999999999999998e-13
86,0,"Conv2DLayer(1,8,5, stride=5, padding=0)","biases",0.0012802882487419258,2.2629290209861566e-06,0.0017666075191297061,0.001894434309652142,0.003319398232993626,0.0024358295407336298,0,22,9.9999999999999998e-13
86,4,"DenseLayer( 7202,128 )","all",15.866011538156584,0.0010883791232400633,6.8598159694709289e-05,7.3064787813483493e-05,0.0001433036659894995,5.5039988464450868e-05,0,22,9.9999999999999998e-13
86,4,"DenseLayer( 7202,128 )","weights",15.866011240771471,0.0010883045659397619,6.8593461796658149e-05,7.305951799641824e-05,0.00014329172599579853,5.5036691908293118e-05,0,22,9.9999999999999998e-13
86,4,"DenseLayer( 7202,128 )","biases",0.0030719057587388597,1.2683002344940164e-05,0.0041282891830419638,0.0045325425474471367,0.0095691844672701927,0.0031119939308800939,0,22,9.9999999999999998e-13
86,6,"DenseLayer( 128,64 )","all",9.2563930444428966,0.00011294167729421602,1.2201478574959588e-05,1.2888208699954146e-05,2.4040989999062079e-05,8.835258725601047e-06,0,22,9.9999999999999998e-13
86,6,"DenseLayer( 128,64 )","weights",9.2563926280137068,0.00011260920437511032,1.2165560927285561e-05,1.2846698322778155e-05,2.3939230039272772e-05,8.8224574426458705e-06,0,22,9.9999999999999998e-13
86,6,"DenseLayer( 128,64 )","biases",0.0027765415143701307,8.5403154440866056e-06,0.0030727955946377398,0.0034394102086287609,0.0073494010816649389,0.001588386568702644,0,22,9.9999999999999998e-13
86,8,"DenseLayer( 64,1 )","all",1.4098706677903379,1.0614535987800586e-05,7.5287298916797919e-06,8.0491819816818705e-06,1.5282230274384817e-05,5.2303077634974108e-06,0,22,9.9999999999999998e-13
86,8,"DenseLayer( 64,1 )","weights",1.4098706422396423,1.0548445501843303e-05,7.4818530629012588e-06,7.9898429595315731e-06,1.5113977739916686e-05,5.2206907550149462e-06,0,22,9.9999999999999998e-13
86,8,"DenseLayer( 64,1 )","biases",0.00026839387084526771,1.0951943378048865e-06,0.004062053127188197,0.0050940675407819113,0.011859886363685571,0.0016742782114461412,0,22,9.9999999999999998e-13
87,0,"Conv2DLayer(1,8,5, stride=5, padding=0)","all",1.3295146218997123,1.1758978675820985e-05,8.8445781891885033e-06,9.9278680550489247e-06,1.7935761813861303e-05,1.7935761813861303e-05,0,22,9.9999999999999998e-13
87,0,"Conv2DLayer(1,8,5, stride=5, padding=0)","weights",1.3295139970485805,1.1562521121974214e-05,8.6968158101908482e-06,9.7807068513752947e-06,1.7649504489037218e-05,1.7649504489037218e-05,0,22,9.9999999999999998e-13
87,0,"Conv2DLayer(1,8,5, stride=5, padding=0)","biases",0.0012889793461656385,2.0711094354848264e-06,0.0016085673688012391,0.0017599257309233406,0.0033009284215087336,0.0033009284215087336,0,22,9.9999999999999998e-13
87,4,"DenseLayer( 7202,128 )","all",15.866090978743379,0.0009896303319361316,6.2373915827338452e-05,6.6283018805562226e-05,0.00010350863889864036,8.4662345580459333e-05,0,22,9.9999999999999998e-13
87,4,"DenseLayer( 7202,128 )","weights",15.866090680712702,0.00098956622428272053,6.2369876455304599e-05,6.6278528362763431e-05,0.00010350135972070652,8.4657392320949286e-05,0,22,9.9999999999999998e-13
87,4,"DenseLayer( 7202,128 )","biases",0.0030752458196238132,1.1208922957651148e-05,0.0036434209856788303,0.0039780847614974742,0.0067323160311369432,0.004733178380494394,0,22,9.9999999999999998e-13
87,6,"DenseLayer( 128,64 )","all",9.2564405780785215,0.00010389561766137033,1.1224140510769174e-05,1.1921127152416009e-05,1.8879135361642275e-05,1.5304567710611127e-05,0,22,9.9999999999999998e-13
87,6,"DenseLayer( 128,64 )","weights",9.2564401617645657,0.00010358434894425079,1.11905137701817e-05,1.1882919188969903e-05,1.8802619187447833e-05,1.5263217644975013e-05,0,22,9.9999999999999998e-13
87,6,"DenseLayer( 128,64 )","biases",0.0027761716563155384,7.9582111974993922e-06,0.0028650851675804407,0.0031766684527768608,0.0056482902775692847,0.0037554645487191053,0,22,9.9999999999999998e-13
87,8,"DenseLayer( 64,1 )","all",1.4099052286142306,1.0283332973037807e-05,7.2936173679562205e-06,7.8593880875925226e-06,1.2571936759052618e-05,1.0682218980251704e-05,0,22,9.9999999999999998e-13
87,8,"DenseLayer( 64,1 )","weights",1.4099052029291572,1.0222224081627949e-05,7.2502751286050622e-06,7.8054316853032576e-06,1.2442524779015438e-05,1.0630250242871699e-05,0,22,9.9999999999999998e-13
87,8,"DenseLayer( 64,1 )","biases",0.00026911180281207305,1.0359905321489682e-06,0.0038400628772256428,0.0047982236623997461,0.0093615074301769581,0.0055737481969825404,0,22,9.9999999999999998e-13
88,0,"Conv2DLayer(1,8,5, stride=5, padding=0)","all",1.3295146127364301,1.217811659272028e-05,9.1598372795202182e-06,1.0460178387381394e-05,1.9782165265256237e-05,1.3026086776444646e-05,0,22,9.9999999999999998e-13
88,0,"Conv2DLayer(1,8,5, stride=5, padding=0)","weights",1.3295139797601705,1.1890930567106451e-05,8.9438333433345909e-06,1.0254519640366917e-05,1.9479248590542531e-05,1.280644213584516e-05,0,22,9.9999999999999998e-13
88,0,"Conv2DLayer(1,8,5, stride=5, padding=0)","biases",0.0012973263782864453,2.5387356387327541e-06,0.0019594601854354197,0.0021200464885623824,0.0035458571435103511,0.0024646095540283635,0,22,9.9999999999999998e-13
88,4,"DenseLayer( 7202,128 )","all",15.866168367473325,0.00097597594167340822,6.1513025894869411e-05,6.3653930825388565e-05,9.8952415788141666e-05,7.9949625453276427e-05,0,22,9.9999999999999998e-13
88,4,"DenseLayer( 7202,128 )","weights",15.866168068954764,0.00097591302454759173,6.1509061561860722e-05,6.3649766932023436e-05,9.8944176984195183e-05,7.9944038052111814e-05,0,22,9.9999999999999998e-13
88,4,"DenseLayer( 7202,128 )","biases",0.0030777683591358294,1.102767934152866e-05,0.003583480358127424,0.0037549322211922116,0.006598180871205569,0.0048695053604072809,0,22,9.9999999999999998e-13
88,6,"DenseLayer( 128,64 )","all",9.2564898326329654,0.00010294384134409477,1.1121262167373687e-05,1.1497962984192393e-05,1.8055032091965386e-05,1.428192293103397e-05,0,22,9.9999999999999998e-13
88,6,"DenseLayer( 128,64 )","weights",9.2564894169434471,0.00010266093287337753,1.1090699407598054e-05,1.1465375432315539e-05,1.7984722337437771e-05,1.4239201149465774e-05,0,22,9.9999999999999998e-13
88,6,"DenseLayer( 128,64 )","biases",0.0027740991731684643,7.5636488552939346e-06,0.0027270161609336584,0.0028874392318704008,0.0053162804038186596,0.0036939412920119047,0,22,9.9999999999999998e-13
88,8,"DenseLayer( 64,1 )","all",1.409937954553566,9.7134917558139615e-06,6.8893051388752028e-06,7.1308616039458736e-06,1.0883724688833631e-05,9.7268946188135232e-06,0,22,9.9999999999999998e-13
88,8,"DenseLayer( 64,1 )","weights",1.4099379290488152,9.6552050507212297e-06,6.8479653262034109e-06,7.0849153579806205e-06,1.0752688772407727e-05,9.6721203216262958e-06,0,22,9.9999999999999998e-13
88,8,"DenseLayer( 64,1 )","biases",0.00026817129930184984,9.9252263846045196e-07,0.0037030504711532387,0.0042539474450109995,0.0089166808316667821,0.005434885526540042,0,22,9.9999999999999998e-13
89,0,"Conv2DLayer(1,8,5, stride=5, padding=0)","all",1.3295074565867233,1.3148570865094461e-05,9.8898107471478969e-06,1.1128592275279288e-05,2.0701788710789076e-05,5.9263170064913447e-06,0,22,9.9999999999999998e-13
89,0,"Conv2DLayer(1,8,5, stride=5, padding=0)","weights",1.3295068239395802,1.285933254362334e-05,9.6722626192865332e-06,1.0916124552975088e-05,2.0338776646246183e-05,5.7273329616186718e-06,0,22,9.9999999999999998e-13
89,0,"Conv2DLayer(1,8,5, stride=5, padding=0)","biases",0.0012969632330975206,2.6368933068917772e-06,0.0020329505960125084,0.0022179093564572909,0.0039567238897653323,0.0015396714503457553,0,22,9.9999999999999998e-13
89,4,"DenseLayer( 7202,128 )","all",15.866221566955028,0.0010184858120285622,6.4192078178300339e-05,6.5300086160449043e-05,8.0241548628625243e-05,5.9480410159412381e-05,0,22,9.9999999999999998e-13
89,4,"DenseLayer( 7202,128 )","weights",15.86622127018685,0.0010184185170061951,6.4187837977395563e-05,6.5295736046399127e-05,8.023561177955519e-05,5.9476568414876614e-05,0,22,9.9999999999999998e-13
89,4,"DenseLayer( 7202,128 )","biases",0.0030687403753557256,1.1695964031395464e-05,0.0038113925946885196,0.0038976628032277253,0.0050484417315913386,0.003486840634896939,0,22,9.9999999999999998e-13
89,6,"DenseLayer( 128,64 )","all",9.2565311540088668,0.00010101519258164605,1.0912855735876811e-05,1.1143981041636714e-05,1.4167451665125649e-05,9.9302328202637884e-06,0,22,9.9999999999999998e-13
89,6,"DenseLayer( 128,64 )","weights",9.2565307423578762,0.00010077449430663765,1.0886853134254304e-05,1.1117212702605524e-05,1.4127234347690906e-05,9.9139929155115834e-06,0,22,9.9999999999999998e-13
89,6,"DenseLayer( 128,64 )","biases",0.0027605858671161201,6.9180904483316244e-06,0.0025064883127814313,0.0025894454446481804,0.0037065163318675542,0.0018908635415673478,0,22,9.9999999999999998e-13
89,8,"DenseLayer( 64,1 )","all",1.4099633685597983,9.4729472788085575e-06,6.7185770071278271e-06,6.9393254824785826e-06,9.4012958509280797e-06,5.9482095062263751e-06,0,22,9.9999999999999998e-13
89,8,"DenseLayer( 64,1 )","weights",1.4099633432495078,9.4505615832856228e-06,6.7027002873452355e-06,6.9243373158698146e-06,9.40112227238324e-06,5.933598467025881e-06,0,22,9.9999999999999998e-13
89,8,"DenseLayer( 64,1 )","biases",0.0002671534100293436,5.8339951051907102e-07,0.0021854759301552749,0.0024106945234764862,0.0046620858322066524,0.0021746624780766958,0,22,9.9999999999999998e-13
90,0,"Conv2DLayer(1,8,5, stride=5, padding=0)","all",1.3295126174625704,1.0056176347566566e-05,7.5638063317011024e-06,8.0705888803869795e-06,1.3176015016267922e-05,8.5334928831560195e-06,0,22,9.9999999999999998e-13
90,0,"Conv2DLayer(1,8,5, stride=5, padding=0)","weights",1.3295119771364803,9.7411832671833864e-06,7.3268862537643796e-06,7.8283394034556224e-06,1.277279973678982e-05,8.3526242883812702e-06,0,22,9.9999999999999998e-13
90,0,"Conv2DLayer(1,8,5, stride=5, padding=0)","biases",0.0013048398283416168,2.4385402125735508e-06,0.0018681790406473125,0.0019982227512937,0.0032754389180753387,0.0017824619055258372,0,22,9.9999999999999998e-13
90,4,"DenseLayer( 7202,128 )","all",15.86632812148428,0.00089220262646878704,5.6232454809620615e-05,5.8472085208188174e-05,0.00011505705199925011,0.00011505705199925011,0,22,9.9999999999999998e-13
90,4,"DenseLayer( 7202,128 )","weights",15.866327821076784,0.00089214220329159868,5.6228647609763617e-05,5.8468042371733594e-05,0.00011504862186550046,0.00011504862186550046,0,22,9.9999999999999998e-13
90,4,"DenseLayer( 7202,128 )","biases",0.0030875094218777688,1.0357899478530556e-05,0.0033549552155985088,0.0035340677197741323,0.0071538879875277768,0.0071538879875277768,0,22,9.9999999999999998e-13
90,6,"DenseLayer( 128,64 )","all",9.2565820964604004,9.754164799937884e-05,1.0537543584302583e-05,1.0954368836281709e-05,2.0008224049017951e-05,2.0008224049017951e-05,0,22,9.9999999999999998e-13
90,6,"DenseLayer( 128,64 )","weights",9.2565816826485889,9.7260286503419744e-05,1.0507148232743274e-05,1.0920598786997273e-05,1.9919903484073485e-05,1.9919903484073485e-05,0,22,9.9999999999999998e-13
90,6,"DenseLayer( 128,64 )","biases",0.0027678209871317681,7.3087530908915895e-06,0.002642227899422638,0.0028779273205538202,0.0062914139313382687,0.0062914139313382687,0,22,9.9999999999999998e-13
90,8,"DenseLayer( 64,1 )","all",1.410002919498317,9.2277001279549042e-06,6.5444511751992833e-06,6.9561489638753476e-06,1.4141400685818301e-05,1.4141400685818301e-05,0,22,9.9999999999999998e-13
90,8,"DenseLayer( 64,1 )","weights",1.4100028943140035,9.1827041116747113e-06,6.5125393498528642e-06,6.9156341067113833e-06,1.4001303938855124e-05,1.4001303938855124e-05,0,22,9.9999999999999998e-13
90,8,"DenseLayer( 64,1 )","biases",0.00026648148328108204,8.1112772353332152e-07,0.0030474965817831501,0.0039733581522130006,0.010481742401856313,0.010481742401856313,0,22,9.9999999999999998e-13
91,0,"Conv2DLayer(1,8,5, stride=5, padding=0)","all",1.3295100812776277,9.1688274315284752e-06,6.8964027444130873e-06,8.0159729018932969e-06,1.6791842450300928e-05,1.2921781464890903e-05,0,22,9.9999999999999998e-13
91,0,"Conv2DLayer(1,8,5, stride=5, padding=0)","weights",1.3295094375691483,8.883992818328271e-06,6.682165603091776e-06,7.8280090133102688e-06,1.6507845164915968e-05,1.2724555192651928e-05,0,22,9.9999999999999998e-13
91,0,"Conv2DLayer(1,8,5, stride=5, padding=0)","biases",0.0013082813429928831,2.1668026586101003e-06,0.0016578368979966803,0.0017569504827914574,0.0031365971963095494,0.0022725467072307014,0,22,9.9999999999999998e-13
91,4,"DenseLayer( 7202,128 )","all",15.866372540166996,0.0011675913359946502,7.3589074575512516e-05,7.60225656919405e-05,0.00010973974016939304,6.4893194881247618e-05,0,22,9.9999999999999998e-13
91,4,"DenseLayer( 7202,128 )","weights",15.866372240022363,0.0011675148306053958,7.3584254108991097e-05,7.6017468199166517e-05,0.00010973057432690577,6.4890025372601247e-05,0,22,9.9999999999999998e-13
91,4,"DenseLayer( 7202,128 )","biases",0.0030861532466428432,1.3290779872897345e-05,0.0043055783288660368,0.0045247196047418971,0.0072716681470511354,0.0032943739902645455,0,22,9.9999999999999998e-13
91,6,"DenseLayer( 128,64 )","all",9.2566229240448319,0.00011498475076679142,1.2421893613113252e-05,1.2930191329598871e-05,1.9819025712354227e-05,1.1002662543794751e-05,0,22,9.9999999999999998e-13
91,6,"DenseLayer( 128,64 )","weights",9.2566225081516116,0.00011461401921511595,1.2381843741218676e-05,1.2886446967659956e-05,1.9740584590777561e-05,1.0980670577232067e-05,0,22,9.9999999999999998e-13
91,6,"DenseLayer( 128,64 )","biases",0.0027747942710351636,9.1553779084794337e-06,0.0032990714783015574,0.0035441512505725442,0.0058757090747422582,0.0023253565937528405,0,22,9.9999999999999998e-13
91,8,"DenseLayer( 64,1 )","all",1.4100383083105377,1.0945666781376272e-05,7.7626865797524151e-06,8.2269243137038831e-06,1.3284012270886544e-05,5.8572366514468214e-06,0,22,9.9999999999999998e-13
91,8,"DenseLayer( 64,1 )","weights",1.4100382826014093,1.0873245360072143e-05,7.7113252697901804e-06,8.1656681364106679e-06,1.3161259472788009e-05,5.8555573759826907e-06,0,22,9.9999999999999998e-13
91,8,"DenseLayer( 64,1 )","biases",0.00026924006339289588,1.1758476665074176e-06,0.0043669188314105593,0.0052432785058628079,0.0094776254098311811,0.00073647184141371381,0,22,9.9999999999999998e-13
92,0,"Conv2DLayer(1,8,5, stride=5, padding=0)","all",1.3295101915534253,1.2610050696791435e-05,9.4847251951636985e-06,1.0604386722631815e-05,2.0073953162016297e-05,2.0073953162016297e-05,0,22,9.9999999999999998e-13
92,0,"Conv2DLayer(1,8,5, stride=5, padding=0)","weights",1.3295095420384011,1.2354811387649601e-05,9.2927499542558435e-06,1.0403930609047056e-05,1.9786975177590812e-05,1.9786975177590812e-05,0,22,9.9999999999999998e-13
92,0,"Conv2DLayer(1,8,5, stride=5, padding=0)","biases",0.0013141569879677425,2.4846565779939365e-06,0.0018896165848699398,0.0020733889772775117,0.0035061335393788825,0.0033903642161300738,0,22,9.9999999999999998e-13
92,4,"DenseLayer( 7202,128 )","all",15.866460141603079,0.0009010203782623251,5.6787729709901604e-05,5.7884123166962113e-05,9.4406255298350213e-05,9.4406255298350213e-05,0,22,9.9999999999999998e-13
92,4,"DenseLayer( 7202,128 )","weights",15.866459840400184,0.0009009671982831486,5.6784379065898473e-05,5.788065957405923e-05,9.4400294722049829e-05,9.4400294722049829e-05,0,22,9.9999999999999998e-13
92,4,"DenseLayer( 7202,128 )","biases",0.0030916086689881522,9.7588315182295635e-06,0.003156660475406105,0.0032504647051936645,0.0054447616116588366,0.0054447616116588366,0,22,9.9999999999999998e-13
92,6,"DenseLayer( 128,64 )","all",9.2566678314550384,9.26129332984497e-05,1.0004995029273817e-05,1.0211374780122234e-05,1.5340162105470867e-05,1.4897147444393698e-05,0,22,9.9999999999999998e-13
92,6,"DenseLayer( 128,64 )","weights",9.2566674186092932,9.241746327844903e-05,9.9838788126209404e-06,1.0188927591731148e-05,1.5290228169133162e-05,1.4851310516937666e-05,0,22,9.9999999999999998e-13
92,6,"DenseLayer( 128,64 )","biases",0.0027646184004855188,5.9420020802690972e-06,0.0021486609087801576,0.0022643710429040161,0.0041360636708407473,0.0038987056305145474,0,22,9.9999999999999998e-13
92,8,"DenseLayer( 64,1 )","all",1.4100706767826148,8.9502601914228429e-06,6.3473789563645883e-06,6.5707008711346875e-06,1.0028334810431335e-05,9.409424731985279e-06,0,22,9.9999999999999998e-13
92,8,"DenseLayer( 64,1 )","weights",1.4100706515759414,8.9290325209378728e-06,6.3323248122329545e-06,6.5537850227658575e-06,9.9592319449879819e-06,9.3547379493458841e-06,0,22,9.9999999999999998e-13
92,8,"DenseLayer( 64,1 )","biases",0.00026661756220908666,5.1992537919431925e-07,0.0019503202072617416,0.0024942211328618366,0.0062645761055616445,0.0053312060648008745,0,22,9.9999999999999998e-13
93,0,"Conv2DLayer(1,8,5, stride=5, padding=0)","all",1.3295076282962635,9.5406572382455507e-06,7.1760835600219816e-06,7.9014240736050109e-06,1.4587210532376568e-05,5.0867779758579914e-06,0,22,9.9999999999999998e-13
93,0,"Conv2DLayer(1,8,5, stride=5, padding=0)","weights",1.3295069737690284,9.2936865698140329e-06,6.9903259559168183e-06,7.7183260437664395e-06,1.4298246595810496e-05,5.0079341933975903e-06,0,22,9.9999999999999998e-13
93,0,"Conv2DLayer(1,8,5, stride=5, padding=0)","biases",0.0013192350475921834,2.0696450366632327e-06,0.0015684651333778797,0.0017034201213315962,0.0030783683188819401,0.00089497902706700105,0,22,9.9999999999999998e-13
93,4,"DenseLayer( 7202,128 )","all",15.866533858879277,0.00084953768855884041,5.3542749378465731e-05,5.5571757620817658e-05,8.4675489998804334e-05,3.5954590297701556e-05,0,22,9.9999999999999998e-13
93,4,"DenseLayer( 7202,128 )","weights",15.866533558087365,0.00084948140899062795,5.3539203331568193e-05,5.5567994713569792e-05,8.466897669089542e-05,3.5952761498773622e-05,0,22,9.9999999999999998e-13
93,4,"DenseLayer( 7202,128 )","biases",0.0030895045189989448,9.7415306920039986e-06,0.0031531292413635257,0.0033217731555664287,0.0053989706329357259,0.0018629528991450583,0,22,9.9999999999999998e-13
93,6,"DenseLayer( 128,64 )","all",9.2567156105466282,8.9105165657499215e-05,9.6260039119952842e-06,9.9274061768583861e-06,1.5292664988873698e-05,6.1737345569618638e-06,0,22,9.9999999999999998e-13
93,6,"DenseLayer( 128,64 )","weights",9.2567151973768809,8.8867663716768179e-05,9.6003470758060493e-06,9.8995658892300722e-06,1.523806208029944e-05,6.1649719226397613e-06,0,22,9.9999999999999998e-13
93,6,"DenseLayer( 128,64 )","biases",0.0027657136153992393,6.435135153520198e-06,0.0023266420174050738,0.0024864894705342931,0.0043185012423102281,0.0011006084042625448,0,22,9.9999999999999998e-13
93,8,"DenseLayer( 64,1 )","all",1.4101035772493111,8.2136027295853164e-06,5.8248249471323791e-06,6.0393539849944337e-06,9.399664101784799e-06,3.4058196713914279e-06,0,22,9.9999999999999998e-13
93,8,"DenseLayer( 64,1 )","weights",1.4101035518453688,8.174039454244005e-06,5.7967679986526604e-06,6.006851961231e-06,9.3021099353311784e-06,3.4046958149335091e-06,0,22,9.9999999999999998e-13
93,8,"DenseLayer( 64,1 )","biases",0.00026765859167260879,7.4223366523669521e-07,0.0027723519734731039,0.0032956108943285652,0.0071182680168276674,0.00046211667971945519,0,22,9.9999999999999998e-13
94,0,"Conv2DLayer(1,8,5, stride=5, padding=0)","all",1.3295141725386777,1.1846201625064116e-05,8.910180663231199e-06,1.029313812758695e-05,1.9816475866812661e-05,9.478730041100871e-06,0,22,9.9999999999999998e-13
94,0,"Conv2DLayer(1,8,5, stride=5, padding=0)","weights",1.3295135051257092,1.1538589819263091e-05,8.6788132558099551e-06,1.0063088135180139e-05,1.9452842791730809e-05,9.2029463351361077e-06,0,22,9.9999999999999998e-13
94,0,"Conv2DLayer(1,8,5, stride=5, padding=0)","biases",0.0013321529794656948,2.612533058219649e-06,0.0019620680443797377,0.0021617258611677957,0.0037820856923020422,0.0022850791610894835,0,22,9.9999999999999998e-13
94,4,"DenseLayer( 7202,128 )","all",15.866622615321244,0.00082322659676064831,5.1884170114828094e-05,5.3281624557946851e-05,7.4234987592249619e-05,5.8498675988183237e-05,0,22,9.9999999999999998e-13
94,4,"DenseLayer( 7202,128 )","weights",15.866622311739325,0.00082317513904958239,5.1880927965660895e-05,5.3278272553829129e-05,7.4229821705977577e-05,5.8494674492692499e-05,0,22,9.9999999999999998e-13
94,4,"DenseLayer( 7202,128 )","biases",0.003103802032367133,9.181359194481068e-06,0.002957972974949547,0.0030555939224002761,0.0044862847995886116,0.0034946095546817303,0,22,9.9999999999999998e-13
94,6,"DenseLayer( 128,64 )","all",9.2567710689359028,9.4611575941001575e-05,1.0220796344821071e-05,1.0470033095374653e-05,1.5311462470744456e-05,1.2321984248194334e-05,0,22,9.9999999999999998e-13
94,6,"DenseLayer( 128,64 )","weights",9.2567706522607711,9.4377507763618757e-05,1.019551064628614e-05,1.0443505914595757e-05,1.5271016736096677e-05,1.2281154650791163e-05,0,22,9.9999999999999998e-13
94,6,"DenseLayer( 128,64 )","biases",0.0027774137825494305,6.6122478559044453e-06,0.0023811175814799261,0.0024834424387979144,0.0037188245756351827,0.0033534581206577305,0,22,9.9999999999999998e-13
94,8,"DenseLayer( 64,1 )","all",1.4101475214095847,9.186147555302117e-06,6.5143163264267959e-06,6.6735606406530314e-06,9.4566496664438484e-06,8.0442927841598142e-06,0,22,9.9999999999999998e-13
94,8,"DenseLayer( 64,1 )","weights",1.4101474960125588,9.1551915339911494e-06,6.4923640689344107e-06,6.6491111145140413e-06,9.3989590678693912e-06,8.0035431932462045e-06,0,22,9.9999999999999998e-13
94,8,"DenseLayer( 64,1 )","biases",0.00026762591203971004,6.5261238804933697e-07,0.0024394233695039912,0.0030091536307827282,0.005992273352393265,0.0043003015764553057,0,22,9.9999999999999998e-13
95,0,"Conv2DLayer(1,8,5, stride=5, padding=0)","all",1.3295072021014578,8.528511281213783e-06,6.4148000782880433e-06,7.3534604777024695e-06,1.7107682857116505e-05,5.4823067588346597e-06,0,22,9.9999999999999998e-13
95,0,"Conv2DLayer(1,8,5, stride=5, padding=0)","weights",1.3295065347492301,8.2944469255879065e-06,6.2387496224971828e-06,7.182261732448539e-06,1.6812274911580751e-05,5.2894385152022755e-06,0,22,9.9999999999999998e-13
95,0,"Conv2DLayer(1,8,5, stride=5, padding=0)","biases",0.0013320841670684267,1.9366917498570606e-06,0.0014557339047948201,0.001578727842179314,0.0031805665635143299,0.0014329791575398781,0,22,9.9999999999999998e-13
95,4,"DenseLayer( 7202,128 )","all",15.866671895489389,0.00078125517973617767,4.9238755181391303e-05,5.0551454094570835e-05,8.1581629158372079e-05,5.5482691938079996e-05,0,22,9.9999999999999998e-13
95,4,"DenseLayer( 7202,128 )","weights",15.866671593982955,0.00078120399187099469,4.9235529992095538e-05,5.0548098463210402e-05,8.1575540717229649e-05,5.5478544441808585e-05,0,22,9.9999999999999998e-13
95,4,"DenseLayer( 7202,128 )","biases",0.0030931843632552719,8.9275206052904169e-06,0.002886411093635217,0.0029887366897729133,0.0051212385552472234,0.0034767483255052547,0,22,9.9999999999999998e-13
95,6,"DenseLayer( 128,64 )","all",9.2568054542199487,8.5674542410559102e-05,9.2553030962780042e-06,9.4567727218349105e-06,1.454269474048323e-05,1.1102090924715304e-05,0,22,9.9999999999999998e-13
95,6,"DenseLayer( 128,64 )","weights",9.2568050414832506,8.5443658804833388e-05,9.23036146993307e-06,9.4305300693576896e-06,1.4487278622818958e-05,1.1068371367121108e-05,0,22,9.9999999999999998e-13
95,6,"DenseLayer( 128,64 )","biases",0.0027642729096027368,6.23273134275555e-06,0.0022547417832635788,0.0023575806318396494,0.0042479096370522775,0.0028846739393244385,0,22,9.9999999999999998e-13
95,8,"DenseLayer( 64,1 )","all",1.4101713836859431,8.2869960881245009e-06,5.8765884167545819e-06,6.0098837888306394e-06,9.5338794396004938e-06,6.4619400789091626e-06,0,22,9.9999999999999998e-13
95,8,"DenseLayer( 64,1 )","weights",1.4101713587686513,8.2459984955603136e-06,5.8475158275259976e-06,5.9790015857906366e-06,9.4378751935770624e-06,6.4210262966250067e-06,0,22,9.9999999999999998e-13
95,8,"DenseLayer( 64,1 )","biases",0.00026508575088386846,7.4197834526950668e-07,0.0027953492538315312,0.003231481648579654,0.007177961795618866,0.0038075285548406202,0,22,9.9999999999999998e-13
96,0,"Conv2DLayer(1,8,5, stride=5, padding=0)","all",1.3295099808843642,9.5401853031833829e-06,7.1757121972081074e-06,8.0094049511705431e-06,1.3872693253274446e-05,6.8356017926718868e-06,0,22,9.9999999999999998e-13
96,0,"Conv2DLayer(1,8,5, stride=5, padding=0)","weights",1.3295093074335596,9.3655089991230583e-06,7.0443318311627307e-06,7.877111289338721e-06,1.3632493817020352e-05,6.7151100534132397e-06,0,22,9.9999999999999998e-13
96,0,"Conv2DLayer(1,8,5, stride=5, padding=0)","biases",0.0013381733356576167,1.7747372700554807e-06,0.0013257179298046108,0.0014391373498346977,0.0025408180852073085,0.0012604810057476733,0,22,9.9999999999999998e-13
96,4,"DenseLayer( 7202,128 )","all",15.866738224519244,0.00080149445465558394,5.0514134359852777e-05,5.2444050793970289e-05,7.8864258089450469e-05,5.0129082137979497e-05,0,22,9.9999999999999998e-13
96,4,"DenseLayer( 7202,128 )","weights",15.866737923106134,0.00080144228107180795,5.0510847082172163e-05,5.2440564425320914e-05,7.8858677660194123e-05,5.0126715628931372e-05,0,22,9.9999999999999998e-13
96,4,"DenseLayer( 7202,128 )","biases",0.003092713913478813,9.1153109881349292e-06,0.0029475333817402258,0.0031031076431246728,0.0049570526442942542,0.0025039653471635986,0,22,9.9999999999999998e-13
96,6,"DenseLayer( 128,64 )","all",9.2568588962940801,8.6928702794199334e-05,9.3907362656747383e-06,9.7160221584194439e-06,1.4296070996315413e-05,8.6646577078088142e-06,0,22,9.9999999999999998e-13
96,6,"DenseLayer( 128,64 )","weights",9.2568584800205382,8.6700306433688096e-05,9.3660634749136913e-06,9.6895806208099151e-06,1.4248115308289836e-05,8.6455306464983231e-06,0,22,9.9999999999999998e-13
96,6,"DenseLayer( 128,64 )","biases",0.0027761012416213393,6.2311020835514748e-06,0.0022455556339749309,0.0023904916729083335,0.0039076187693723383,0.0019192064720099,0,22,9.9999999999999998e-13
96,8,"DenseLayer( 64,1 )","all",1.410213966257045,8.869036018787712e-06,6.2891464585298143e-06,6.5311857347195456e-06,9.4216503828591156e-06,5.5988507751546103e-06,0,22,9.9999999999999998e-13
96,8,"DenseLayer( 64,1 )","weights",1.4102139411812713,8.8301492933120541e-06,6.2615714512238109e-06,6.5011378529566085e-06,9.3762410753752823e-06,5.5840115166632972e-06,0,22,9.9999999999999998e-13
96,8,"DenseLayer( 64,1 )","biases",0.00026593371347354895,7.523803188550201e-07,0.0028305122882038946,0.0033205270437712963,0.0060025791506414256,0.0021657622816133927,0,22,9.9999999999999998e-13
97,0,"Conv2DLayer(1,8,5, stride=5, padding=0)","all",1.329510908622376,7.4528643787839294e-06,5.6057225667034976e-06,6.4789063859676874e-06,1.2688286894586888e-05,1.2438756065231142e-05,0,22,9.9999999999999998e-13
97,0,"Conv2DLayer(1,8,5, stride=5, padding=0)","weights",1.3295102259604785,7.2822169936755897e-06,5.4773717976220529e-06,6.3642492884529772e-06,1.2525869464703278e-05,1.2206685571119132e-05,0,22,9.9999999999999998e-13
97,0,"Conv2DLayer(1,8,5, stride=5, padding=0)","biases",0.0013472973572668755,1.4885211881626771e-06,0.0011050522123874692,0.0011979902429495315,0.0023658487309987809,0.0023658487309987809,0,22,9.9999999999999998e-13
97,4,"DenseLayer( 7202,128 )","all",15.866816323114842,0.00074913229353569359,4.721376998571873e-05,4.8035898679945087e-05,6.3715397954878315e-05,6.0989815847285083e-05,0,22,9.9999999999999998e-13
97,4,"DenseLayer( 7202,128 )","weights",15.866816022667873,0.00074908988775786861,4.7211098272412071e-05,4.8033115926891105e-05,6.3710318571839249e-05,6.0986642239715093e-05,0,22,9.9999999999999998e-13
97,4,"DenseLayer( 7202,128 )","biases",0.0030877609101666497,7.9057648275104875e-06,0.0025599519183099389,0.0026565066355109775,0.0041303888234560555,0.0031971199939680264,0,22,9.9999999999999998e-13
97,6,"DenseLayer( 128,64 )","all",9.2569127730124929,7.6290296655474996e-05,8.2414399765831726e-06,8.403946487513406e-06,1.1941953657860488e-05,9.590030921525104e-06,0,22,9.9999999999999998e-13
97,6,"DenseLayer( 128,64 )","weights",9.2569123585768303,7.6130866592554082e-05,8.2242175376441206e-06,8.3853686627569894e-06,1.1903980495918512e-05,9.5700640643702908e-06,0,22,9.9999999999999998e-13
97,6,"DenseLayer( 128,64 )","biases",0.0027699774716143707,4.836781375531192e-06,0.0017461911647502699,0.0018663867448371241,0.0031798130065289797,0.0020723620256022169,0,22,9.9999999999999998e-13
97,8,"DenseLayer( 64,1 )","all",1.4102517006027058,7.203761728628299e-06,5.1081376900142382e-06,5.2161900780607974e-06,7.5305931443418185e-06,4.8103366526310081e-06,0,22,9.9999999999999998e-13
97,8,"DenseLayer( 64,1 )","weights",1.4102516757276493,7.1822406618448591e-06,5.0928773483779533e-06,5.1987454250374785e-06,7.4820494100643271e-06,4.8097613908330196e-06,0,22,9.9999999999999998e-13
97,8,"DenseLayer( 64,1 )","biases",0.00026487480764361948,4.7380242242731829e-07,0.001786576839045467,0.0022643646830430406,0.0045352940737917761,0.0003979050657012456,0,22,9.9999999999999998e-13
98,0,"Conv2DLayer(1,8,5, stride=5, padding=0)","all",1.3295068054256334,9.708546375988521e-06,7.3023723979607449e-06,8.1397576044978702e-06,1.4441443083765166e-05,1.0641905413351825e-05,0,22,9.9999999999999998e-13
98,0,"Conv2DLayer(1,8,5, stride=5, padding=0)","weights",1.3295061124854211,9.4414010747540476e-06,7.1014402861725187e-06,7.9388685576525539e-06,1.4151597393225763e-05,1.0334209073458461e-05,0,22,9.9999999999999998e-13
98,0,"Conv2DLayer(1,8,5, stride=5, padding=0)","biases",0.0013573660901102117,2.1795498367031153e-06,0.001607629873283599,0.0017640505524118848,0.003216390589714607,0.0024704328061933944,0,22,9.9999999999999998e-13
98,4,"DenseLayer( 7202,128 )","all",15.866892567053368,0.00085102850366219494,5.3635491069338673e-05,5.5020837840791576e-05,7.5523616256403236e-05,5.616059209676126e-05,0,22,9.9999999999999998e-13
98,4,"DenseLayer( 7202,128 )","weights",15.866892265024525,0.0008509727540197135,5.3631978507138891e-05,5.5017204547416045e-05,7.5517962109630885e-05,5.6158281676639445e-05,0,22,9.9999999999999998e-13
98,4,"DenseLayer( 7202,128 )","biases",0.0030958837572330235,9.6992140018605284e-06,0.0031330114891729047,0.0032411732505112458,0.0047354035825792956,0.0026101406538967587,0,22,9.9999999999999998e-13
98,6,"DenseLayer( 128,64 )","all",9.2569625656431018,9.1754376380612322e-05,9.911932140658447e-06,1.010848750645056e-05,1.3095969321579604e-05,9.3878485745083616e-06,0,22,9.9999999999999998e-13
98,6,"DenseLayer( 128,64 )","weights",9.256962153797561,9.1512151675589149e-05,9.8857658237521149e-06,1.0081055600670117e-05,1.304304988862006e-05,9.364778722148297e-06,0,22,9.9999999999999998e-13
98,6,"DenseLayer( 128,64 )","biases",0.0027613083315082511,6.5869442582752042e-06,0.0023855610287593009,0.0024948474820511847,0.0039413078306105376,0.0022021133284578663,0,22,9.9999999999999998e-13
98,8,"DenseLayer( 64,1 )","all",1.4102876047776063,9.1038013780591548e-06,6.4552830855108653e-06,6.6706782379315042e-06,9.3510037707193248e-06,4.2670526029295035e-06,0,22,9.9999999999999998e-13
98,8,"DenseLayer( 64,1 )","weights",1.4102875800189008,9.0566220044527091e-06,6.421829498130101e-06,6.6337914106641228e-06,9.2559973819232351e-06,4.2667230723910658e-06,0,22,9.9999999999999998e-13
98,8,"DenseLayer( 64,1 )","biases",0.00026425051063680172,8.5751526057720184e-07,0.0032431853931468046,0.0037342106726406849,0.007079885632616704,0.0002834244243258441,0,22,9.9999999999999998e-13
99,0,"Conv2DLayer(1,8,5, stride=5, padding=0)","all",1.3295122052047215,1.0811021034329135e-05,8.1315656910434896e-06,9.3007152474383883e-06,1.8322783558635112e-05,1.0077124200467187e-05,0,22,9.9999999999999998e-13
99,0,"Conv2DLayer(1,8,5, stride=5, padding=0)","weights",1.3295115057163716,1.0383294970545839e-05,7.809853270005956e-06,9.0361078008496792e-06,1.7863854891682247e-05,9.8304616144788608e-06,0,22,9.9999999999999998e-13
99,0,"Conv2DLayer(1,8,5, stride=5, padding=0)","biases",0.0013637863843889489,2.7395259225732448e-06,0.0020080968586255882,0.0021461524633231872,0.0039682503504621007,0.0021380271702020012,0,22,9.9999999999999998e-13
99,4,"DenseLayer( 7202,128 )","all",15.866970209265945,0.00081523302580455972,5.1379246148609847e-05,5.2468840445190486e-05,7.3849464566891945e-05,7.0132630733579676e-05,0,22,9.9999999999999998e-13
99,4,"DenseLayer( 7202,128 )","weights",15.866969905259836,0.00081518682578294883,5.1376335423575536e-05,5.2465736503323213e-05,7.3842800223851893e-05,7.0127576424003962e-05,0,22,9.9999999999999998e-13
99,4,"DenseLayer( 7202,128 )","biases",0.0031060100061959255,8.5811656648655839e-06,0.0027627524522038298,0.0029158325609376593,0.0050680559910679501,0.0042927401956286337,0,22,9.9999999999999998e-13
99,6,"DenseLayer( 128,64 )","all",9.2570144471134821,8.9358301275318665e-05,9.6530345086754927e-06,9.9563794232206551e-06,1.5719563195603214e-05,1.2268288958691823e-05,0,22,9.9999999999999998e-13
99,6,"DenseLayer( 128,64 )","weights",9.2570140355039818,8.91357181283604e-05,9.6289901364346103e-06,9.9303655485565309e-06,1.5662995455949489e-05,1.2229009677713084e-05,0,22,9.9999999999999998e-13
99,6,"DenseLayer( 128,64 )","biases",0.0027605234601448493,6.2495598205535824e-06,0.0022640145748655397,0.0024119046283380698,0.004464913136499043,0.0032694664112586556,0,22,9.9999999999999998e-13
99,8,"DenseLayer( 64,1 )","all",1.4103269337531477,8.0658705506710638e-06,5.7191364528748915e-06,6.1152870843296405e-06,1.0414174635168708e-05,7.5520861803890798e-06,0,22,9.9999999999999998e-13
99,8,"DenseLayer( 64,1 )","weights",1.4103269087428205,8.0373118170102492e-06,5.6988869526206929e-06,6.0885548093943128e-06,1.0356348275345347e-05,7.5011725942014615e-06,0,22,9.9999999999999998e-13
99,8,"DenseLayer( 64,1 )","biases",0.00026559480465948582,5.892652552574873e-07,0.0022141120594667079,0.0030227296659369558,0.0075489731520314435,0.0045632694883628779,0,22,9.9999999999999998e-13
100,0,"Conv2DLayer(1,8,5, stride=5, padding=0)","all",1.3295139137140588,1.209392644609924e-05,9.0965076813515368e-06,1.0846239946920859e-05,2.2512504442081707e-05,4.4479362351226754e-06,0,22,9.9999999999999998e-13
100,0,"Conv2DLayer(1,8,5, stride=5, padding=0)","weights",1.3295132030838104,1.1821652652260472e-05,8.8917203979253853e-06,1.0625423082054084e-05,2.2084413516563219e-05,4.1966010996727589e-06,0,22,9.9999999999999998e-13
100,0,"Conv2DLayer(1,8,5, stride=5, padding=0)","biases",0.001374608598834906,2.5051187126850968e-06,0.0018242080082833899,0.0021096313226223978,0.0042312798621560663,0.0014199151834976096,0,22,9.9999999999999998e-13
100,4,"DenseLayer( 7202,128 )","all",15.867047889402082,0.00094323946035092352,5.9446452434086472e-05,6.2076331593848455e-05,9.345958198306302e-05,6.2466790478678467e-05,0,22,9.9999999999999998e-13
100,4,"DenseLayer( 7202,128 )","weights",15.867047585824716,0.00094318178998899444,5.9442818971430905e-05,6.2072427807104383e-05,9.3453883749898295e-05,6.246251277483278e-05,0,22,9.9999999999999998e-13
100,4,"DenseLayer( 7202,128 )","biases",0.0031038275551850481,1.0369603336552112e-05,0.0033403174770661129,0.003558132660473765,0.0059567665997789293,0.0037375906536911414,0,22,9.9999999999999998e-13
100,6,"DenseLayer( 128,64 )","all",9.2570645193988756,0.00010167785968071944,1.0983813994071865e-05,1.1519424841757442e-05,1.7814110966980328e-05,1.3782706726997522e-05,0,22,9.9999999999999998e-13
100,6,"DenseLayer( 128,64 )","weights",9.2570641066129404,0.00010140539523764925,1.0954381346403813e-05,1.1486801577527324e-05,1.7744641562129402e-05,1.3727390443418849e-05,0,22,9.9999999999999998e-13
100,6,"DenseLayer( 128,64 )","biases",0.0027644722145520211,7.315110013660553e-06,0.0026454278374817481,0.0028990739891963436,0.0052461149279687492,0.0041180280280269507,0,22,9.9999999999999998e-13
100,8,"DenseLayer( 64,1 )","all",1.410367030817921,1.0025271245151411e-05,7.1082751174802453e-06,7.5089539272839736e-06,1.1723528381795561e-05,8.6108625491977996e-06,0,22,9.9999999999999998e-13
100,8,"DenseLayer( 64,1 )","weights",1.4103670057937476,9.9749747496410625e-06,7.0726132847813635e-06,7.4685995774348307e-06,1.1614421462396588e-05,8.5364465095204291e-06,0,22,9.9999999999999998e-13
100,8,"DenseLayer( 64,1 )","biases",0.00026567545401948422,8.8478422681377689e-07,0.003323747605358307,0.0041103405372527897,0.0083557919735425847,0.005975244573303006,0,22,9.9999999999999998e-13
